initial: 6
0.71939 0.00045 0.09191 0.18826 0.00000 0.00000

transition: 6
0.30904 0.00009 0.49439 0.00000 0.00000 0.19648
0.00111 0.19959 0.79927 0.00000 0.00003 0.00000
0.00000 0.49865 0.20229 0.29906 0.00000 0.00000
0.00000 0.20158 0.00037 0.59782 0.00000 0.20023
0.10496 0.00000 0.00000 0.00000 0.49601 0.39903
0.00000 0.39340 0.00000 0.00000 0.30012 0.30648

observation: 6
0.99557 0.49890 0.29760 0.09846 0.00000 0.09879
0.00247 0.00000 0.39936 0.09967 0.10426 0.09743
0.00196 0.00145 0.20128 0.80187 0.09039 0.30868
0.00000 0.49956 0.10173 0.00000 0.00232 0.39613
0.00000 0.00009 0.00003 0.00000 0.00183 0.09898
0.00000 0.00000 0.00000 0.00000 0.80120 0.00000
