initial: 6
0.71755 0.00240 0.09271 0.18734 0.00000 0.00000

transition: 6
0.29607 0.00706 0.50737 0.00002 0.00000 0.18948
0.19871 0.20075 0.60013 0.00000 0.00038 0.00003
0.00245 0.49542 0.20301 0.29912 0.00000 0.00000
0.00000 0.20116 0.00335 0.59607 0.00000 0.19943
0.10748 0.00000 0.00000 0.00000 0.49946 0.39307
0.00000 0.39364 0.00000 0.00000 0.30448 0.30188

observation: 6
0.69600 0.49832 0.30268 0.09980 0.00000 0.09729
0.00112 0.00000 0.39820 0.09836 0.10338 0.09685
0.30288 0.00000 0.20041 0.19625 0.09733 0.30240
0.00000 0.50168 0.09871 0.00000 0.00000 0.40416
0.00000 0.00000 0.00000 0.60559 0.00255 0.09930
0.00000 0.00000 0.00000 0.00000 0.79675 0.00000
