initial: 6
0.50746 0.49254 0.00000 0.00000 0.00000 0.00000

transition: 6
0.29175 0.50881 0.00623 0.19321 0.00000 0.00000
0.00000 0.50238 0.19911 0.00000 0.00000 0.29851
0.00466 0.00000 0.20076 0.78778 0.00000 0.00679
0.00015 0.00001 0.00445 0.28292 0.51249 0.19998
0.00000 0.00000 0.00000 0.00000 0.50078 0.49922
0.59831 0.00000 0.20652 0.19517 0.00000 0.00000

observation: 6
0.00035 0.29971 0.00094 0.10010 0.29879 0.09843
0.09993 0.39651 0.00000 0.10140 0.00000 0.10060
0.40431 0.19999 0.49074 0.29595 0.30228 0.00000
0.49541 0.10379 0.50698 0.40258 0.00000 0.00000
0.00000 0.00000 0.00133 0.09997 0.00000 0.80096
0.00000 0.00000 0.00000 0.00000 0.39893 0.00000
