initial: 6
0.00175 0.10142 0.09717 0.21059 0.00000 0.58907

transition: 6
0.20234 0.20016 0.59721 0.00000 0.00030 0.00000
0.00270 0.28773 0.51905 0.00000 0.00005 0.19046
0.49558 0.00526 0.19868 0.30049 0.00000 0.00000
0.20063 0.00000 0.00116 0.59875 0.00000 0.19947
0.00000 0.10141 0.00000 0.00000 0.50169 0.39689
0.39775 0.00000 0.00000 0.00000 0.30243 0.29982

observation: 6
0.49562 0.70164 0.30331 0.10044 0.00000 0.09916
0.00139 0.00004 0.39797 0.09952 0.10335 0.09589
0.00000 0.29832 0.20050 0.19647 0.09791 0.30192
0.50299 0.00000 0.09822 0.00000 0.00232 0.40206
0.00000 0.00000 0.00000 0.60358 0.00194 0.10098
0.00000 0.00000 0.00000 0.00000 0.79448 0.00000
