initial: 6
0.71810 0.00252 0.09186 0.18753 0.00000 0.00000

transition: 6
0.29586 0.00816 0.50615 0.00038 0.00000 0.18945
0.19898 0.20134 0.59932 0.00001 0.00035 0.00001
0.00262 0.49638 0.20109 0.29989 0.00000 0.00002
0.00002 0.20201 0.00054 0.59750 0.00000 0.19993
0.10739 0.00000 0.00000 0.00000 0.50033 0.39228
0.00020 0.39455 0.00000 0.00000 0.30408 0.30117

observation: 6
0.69588 0.49815 0.30235 0.10015 0.00005 0.09745
0.00121 0.00061 0.39842 0.09932 0.10281 0.09741
0.30290 0.00016 0.20040 0.19621 0.09772 0.30224
0.00000 0.50107 0.09875 0.00000 0.00095 0.40381
0.00000 0.00000 0.00009 0.60432 0.00289 0.09909
0.00000 0.00000 0.00000 0.00000 0.79559 0.00000
