initial: 6
0.71956 0.00052 0.09169 0.18823 0.00000 0.00000

transition: 6
0.30884 0.00094 0.49344 0.00015 0.00000 0.19664
0.00090 0.20039 0.79798 0.00073 0.00000 0.00000
0.00025 0.49918 0.20170 0.29886 0.00000 0.00000
0.00000 0.20165 0.00001 0.59783 0.00000 0.20051
0.10495 0.00000 0.00000 0.00000 0.49789 0.39716
0.00002 0.39446 0.00000 0.00000 0.30066 0.30486

observation: 6
0.99544 0.49860 0.29766 0.09836 0.00027 0.09896
0.00248 0.00006 0.39985 0.09975 0.10419 0.09743
0.00209 0.00190 0.20097 0.80189 0.09081 0.30889
0.00000 0.49936 0.10148 0.00000 0.00418 0.39585
0.00000 0.00008 0.00004 0.00000 0.00226 0.09887
0.00000 0.00000 0.00000 0.00000 0.79829 0.00000
