initial: 6
0.00000 0.10329 0.09659 0.21030 0.00000 0.58982

transition: 6
0.20264 0.20313 0.59413 0.00000 0.00010 0.00000
0.01086 0.28723 0.51296 0.00017 0.00002 0.18877
0.49571 0.00571 0.19671 0.30188 0.00000 0.00000
0.20046 0.00009 0.00103 0.59881 0.00000 0.19961
0.00000 0.10191 0.00000 0.00000 0.50254 0.39555
0.39788 0.00001 0.00000 0.00000 0.30287 0.29924

observation: 6
0.49529 0.69947 0.30210 0.10048 0.00000 0.09944
0.00173 0.00151 0.39953 0.09932 0.10309 0.09592
0.00000 0.29848 0.20014 0.19645 0.09843 0.30146
0.50298 0.00054 0.09811 0.00000 0.00319 0.40218
0.00000 0.00000 0.00013 0.60375 0.00205 0.10101
0.00000 0.00000 0.00000 0.00000 0.79324 0.00000
