initial: 6
0.50754 0.49246 0.00000 0.00000 0.00000 0.00000

transition: 6
0.29200 0.50819 0.00636 0.19320 0.00000 0.00024
0.00054 0.50205 0.19890 0.00000 0.00000 0.29851
0.00245 0.00016 0.20221 0.78867 0.00000 0.00651
0.00016 0.00091 0.00444 0.28200 0.51260 0.19989
0.00000 0.00000 0.00000 0.00000 0.50078 0.49922
0.59854 0.00000 0.20647 0.19500 0.00000 0.00000

observation: 6
0.00023 0.29976 0.00131 0.10010 0.29876 0.09839
0.09987 0.39656 0.00000 0.10144 0.00000 0.10062
0.40442 0.19997 0.49040 0.29590 0.30229 0.00000
0.49548 0.10370 0.50676 0.40262 0.00000 0.00000
0.00000 0.00000 0.00153 0.09995 0.00000 0.80099
0.00000 0.00000 0.00000 0.00000 0.39895 0.00000
