initial: 6
0.20000 0.10000 0.20000 0.20000 0.20000 0.10000

transition: 6
0.30000 0.30000 0.10000 0.10000 0.10000 0.10000
0.10000 0.30000 0.30000 0.10000 0.10000 0.10000
0.10000 0.10000 0.30000 0.30000 0.10000 0.10000
0.10000 0.10000 0.10000 0.30000 0.30000 0.10000
0.10000 0.10000 0.10000 0.10000 0.30000 0.30000
0.30000 0.10000 0.10000 0.10000 0.10000 0.30000

observation: 6
0.20000 0.20000 0.10000 0.10000 0.10000 0.10000
0.20000 0.20000 0.20000 0.20000 0.10000 0.10000
0.20000 0.20000 0.20000 0.20000 0.20000 0.20000
0.20000 0.20000 0.20000 0.20000 0.20000 0.20000
0.10000 0.10000 0.20000 0.20000 0.20000 0.20000
0.10000 0.10000 0.10000 0.10000 0.20000 0.20000

======= iteration 0 =======
initial: 6
0.28817 0.13598 0.18342 0.17657 0.13893 0.07693

transition: 6
0.29497 0.29261 0.09358 0.09746 0.11283 0.10855
0.09887 0.29440 0.28345 0.09853 0.11463 0.11012
0.09861 0.09787 0.28274 0.29514 0.11513 0.11051
0.09464 0.09392 0.09044 0.28321 0.33167 0.10612
0.09039 0.08970 0.08639 0.09002 0.32821 0.31530
0.28110 0.09302 0.08976 0.09351 0.11401 0.32860

observation: 6
0.12565 0.11922 0.06548 0.06420 0.05412 0.05091
0.09579 0.09407 0.10008 0.09825 0.04159 0.04024
0.41810 0.42027 0.43526 0.42402 0.36198 0.37383
0.17033 0.18188 0.19115 0.19492 0.16431 0.15483
0.01426 0.01518 0.03198 0.03387 0.02952 0.02700
0.17588 0.16938 0.17604 0.18473 0.34847 0.35320

======= iteration 1 =======
initial: 6
0.39345 0.17116 0.16959 0.14639 0.07368 0.04573

transition: 6
0.29569 0.29470 0.09451 0.09826 0.11120 0.10563
0.09824 0.29442 0.28583 0.09954 0.11407 0.10790
0.09727 0.09720 0.28374 0.29741 0.11544 0.10894
0.09300 0.09291 0.09046 0.28467 0.33394 0.10502
0.08667 0.08626 0.08390 0.08764 0.33616 0.31937
0.27331 0.09070 0.08839 0.09214 0.11814 0.33732

observation: 6
0.13637 0.12118 0.06694 0.06333 0.04907 0.04474
0.10095 0.09674 0.10198 0.09702 0.03847 0.03660
0.42617 0.43120 0.44327 0.41938 0.34648 0.37102
0.15893 0.18462 0.19806 0.20737 0.16658 0.14480
0.01275 0.01468 0.03171 0.03604 0.03120 0.02547
0.16482 0.15158 0.15805 0.17684 0.36819 0.37736

======= iteration 2 =======
initial: 6
0.50725 0.19359 0.14165 0.10455 0.03094 0.02201

transition: 6
0.29814 0.29900 0.09585 0.09894 0.10752 0.10054
0.09757 0.29564 0.28946 0.10084 0.11242 0.10407
0.09535 0.09649 0.28541 0.30087 0.11549 0.10638
0.09040 0.09145 0.09035 0.28659 0.33757 0.10364
0.08205 0.08189 0.08042 0.08422 0.34589 0.32554
0.26460 0.08798 0.08640 0.08984 0.12269 0.34850

observation: 6
0.15251 0.12515 0.06670 0.06007 0.04203 0.03779
0.10951 0.10138 0.10291 0.09370 0.03425 0.03239
0.43495 0.44398 0.45408 0.41525 0.32821 0.36698
0.14360 0.18617 0.20786 0.22537 0.16939 0.13237
0.01088 0.01388 0.03141 0.03900 0.03326 0.02354
0.14856 0.12944 0.13703 0.16661 0.39285 0.40693

======= iteration 3 =======
initial: 6
0.62279 0.19516 0.10291 0.06120 0.00964 0.00829

transition: 6
0.30338 0.30619 0.09773 0.09927 0.10090 0.09253
0.09672 0.29816 0.29498 0.10264 0.10932 0.09818
0.09238 0.09558 0.28810 0.30633 0.11516 0.10246
0.08630 0.08921 0.09006 0.28954 0.34307 0.10181
0.07664 0.07669 0.07598 0.07956 0.35695 0.33417
0.25575 0.08507 0.08387 0.08625 0.12707 0.36200

observation: 6
0.17296 0.12922 0.06421 0.05476 0.03481 0.03106
0.12170 0.10729 0.10192 0.08807 0.02964 0.02806
0.44496 0.45985 0.46812 0.41067 0.30649 0.36140
0.12437 0.18627 0.22105 0.25047 0.17194 0.11694
0.00872 0.01277 0.03104 0.04293 0.03565 0.02106
0.12727 0.10458 0.11367 0.15310 0.42147 0.44149

======= iteration 4 =======
initial: 6
0.73141 0.17305 0.06278 0.02820 0.00215 0.00241

transition: 6
0.31254 0.31641 0.10008 0.09894 0.09076 0.08128
0.09553 0.30169 0.30294 0.10518 0.10453 0.09013
0.08786 0.09415 0.29206 0.31485 0.11420 0.09688
0.08022 0.08587 0.08957 0.29440 0.35056 0.09938
0.07099 0.07116 0.07086 0.07349 0.36777 0.34573
0.24878 0.08253 0.08103 0.08086 0.12993 0.37687

observation: 6
0.19573 0.13144 0.05961 0.04854 0.02861 0.02517
0.13704 0.11319 0.09825 0.08066 0.02532 0.02398
0.45633 0.47992 0.48495 0.40363 0.28151 0.35429
0.10189 0.18438 0.23733 0.28367 0.17333 0.09841
0.00646 0.01139 0.03045 0.04788 0.03827 0.01802
0.10255 0.07968 0.08941 0.13561 0.45297 0.48014

======= iteration 5 =======
initial: 6
0.82419 0.13338 0.03149 0.01005 0.00034 0.00054

transition: 6
0.32609 0.32850 0.10260 0.09769 0.07756 0.06755
0.09371 0.30537 0.31361 0.10873 0.09813 0.08044
0.08143 0.09185 0.29723 0.32751 0.11231 0.08967
0.07190 0.08111 0.08875 0.30205 0.35985 0.09634
0.06600 0.06607 0.06551 0.06586 0.37557 0.36099
0.24694 0.08123 0.07828 0.07321 0.12919 0.39116

observation: 6
0.21789 0.13049 0.05375 0.04276 0.02398 0.02034
0.15390 0.11757 0.09194 0.07261 0.02177 0.02038
0.46860 0.50491 0.50322 0.39141 0.25400 0.34573
0.07774 0.17957 0.25518 0.32487 0.17252 0.07749
0.00435 0.00981 0.02949 0.05380 0.04098 0.01451
0.07752 0.05764 0.06642 0.11455 0.48676 0.52155

======= iteration 6 =======
initial: 6
0.89482 0.08920 0.01305 0.00280 0.00004 0.00010

transition: 6
0.34315 0.34013 0.10489 0.09563 0.06300 0.05320
0.09101 0.30805 0.32673 0.11352 0.09050 0.07019
0.07316 0.08831 0.30287 0.34497 0.10924 0.08144
0.06145 0.07453 0.08719 0.31279 0.37090 0.09314
0.06255 0.06218 0.06033 0.05664 0.37712 0.38117
0.25354 0.08211 0.07592 0.06313 0.12300 0.40230

observation: 6
0.23603 0.12623 0.04776 0.03844 0.02116 0.01654
0.16986 0.11937 0.08391 0.06520 0.01925 0.01732
0.48134 0.53503 0.52143 0.37164 0.22476 0.33553
0.05455 0.17086 0.27206 0.37238 0.16819 0.05594
0.00263 0.00817 0.02805 0.06048 0.04352 0.01079
0.05560 0.04035 0.04678 0.09186 0.52313 0.56389

======= iteration 7 =======
initial: 6
0.94222 0.05251 0.00462 0.00063 0.00000 0.00001

transition: 6
0.36155 0.34910 0.10663 0.09325 0.04920 0.04027
0.08741 0.30902 0.34144 0.11948 0.08214 0.06051
0.06362 0.08345 0.30769 0.36711 0.10498 0.07314
0.04950 0.06598 0.08423 0.32583 0.38388 0.09057
0.06111 0.06002 0.05547 0.04594 0.37008 0.40739
0.27011 0.08581 0.07404 0.05107 0.11114 0.40783

observation: 6
0.24752 0.11956 0.04260 0.03634 0.02024 0.01356
0.18265 0.11838 0.07551 0.05955 0.01791 0.01474
0.49466 0.56966 0.53886 0.34364 0.19445 0.32316
0.03511 0.15788 0.28535 0.42290 0.15902 0.03630
0.00143 0.00658 0.02619 0.06761 0.04538 0.00726
0.03864 0.02793 0.03149 0.06997 0.56300 0.60498

======= iteration 8 =======
initial: 6
0.97041 0.02799 0.00147 0.00012 0.00000 0.00000

transition: 6
0.37892 0.35454 0.10784 0.09134 0.03751 0.02986
0.08312 0.30847 0.35659 0.12633 0.07345 0.05204
0.05373 0.07756 0.31044 0.39303 0.09964 0.06560
0.03732 0.05594 0.07952 0.33947 0.39841 0.08932
0.06151 0.05973 0.05090 0.03435 0.35421 0.43931
0.29495 0.09247 0.07239 0.03824 0.09571 0.40623

observation: 6
0.25175 0.11164 0.03872 0.03694 0.02128 0.01114
0.19113 0.11509 0.06780 0.05646 0.01781 0.01250
0.50891 0.60725 0.55563 0.30953 0.16397 0.30814
0.02099 0.14149 0.29346 0.47170 0.14436 0.02089
0.00071 0.00517 0.02407 0.07477 0.04594 0.00435
0.02651 0.01936 0.02033 0.05060 0.60664 0.64298

======= iteration 9 =======
initial: 6
0.98559 0.01394 0.00044 0.00002 0.00000 0.00000

transition: 6
0.39386 0.35676 0.10867 0.09057 0.02817 0.02196
0.07855 0.30717 0.37125 0.13360 0.06459 0.04483
0.04439 0.07119 0.31081 0.42117 0.09332 0.05912
0.02645 0.04563 0.07361 0.35205 0.41278 0.08948
0.06324 0.06134 0.04663 0.02314 0.33186 0.47380
0.32350 0.10179 0.07060 0.02628 0.08014 0.39770

observation: 6
0.25040 0.10329 0.03604 0.04034 0.02418 0.00900
0.19565 0.11026 0.06124 0.05618 0.01887 0.01047
0.52356 0.64543 0.57193 0.27402 0.13510 0.29034
0.01195 0.12360 0.29641 0.51345 0.12492 0.01064
0.00033 0.00398 0.02188 0.08141 0.04465 0.00230
0.01811 0.01343 0.01252 0.03459 0.65228 0.67725

======= iteration 10 =======
initial: 6
0.99322 0.00664 0.00013 0.00000 0.00000 0.00000

transition: 6
0.40626 0.35629 0.10924 0.09124 0.02089 0.01608
0.07408 0.30593 0.38486 0.14073 0.05577 0.03864
0.03625 0.06498 0.30955 0.44927 0.08626 0.05369
0.01795 0.03649 0.06788 0.36292 0.42411 0.09065
0.06583 0.06495 0.04281 0.01384 0.30709 0.50548
0.35022 0.11314 0.06828 0.01652 0.06726 0.38457

observation: 6
0.24649 0.09495 0.03409 0.04592 0.02817 0.00701
0.19764 0.10464 0.05571 0.05827 0.02083 0.00855
0.53672 0.68178 0.58758 0.24268 0.11021 0.27019
0.00667 0.10631 0.29556 0.54382 0.10302 0.00483
0.00015 0.00305 0.01977 0.08697 0.04149 0.00108
0.01232 0.00927 0.00730 0.02234 0.69627 0.70833

======= iteration 11 =======
initial: 6
0.99689 0.00307 0.00004 0.00000 0.00000 0.00000

transition: 6
0.41679 0.35338 0.10951 0.09325 0.01531 0.01176
0.06996 0.30527 0.39707 0.14708 0.04732 0.03330
0.02957 0.05943 0.30798 0.47477 0.07896 0.04928
0.01202 0.02937 0.06375 0.37244 0.42992 0.09250
0.06905 0.07083 0.03963 0.00737 0.28380 0.52932
0.37078 0.12589 0.06517 0.00951 0.05827 0.37037

observation: 6
0.24288 0.08693 0.03243 0.05249 0.03192 0.00520
0.19876 0.09882 0.05092 0.06175 0.02314 0.00676
0.54618 0.71459 0.60197 0.21937 0.09096 0.24861
0.00374 0.09096 0.29280 0.56149 0.08178 0.00199
0.00007 0.00235 0.01784 0.09114 0.03704 0.00046
0.00838 0.00636 0.00404 0.01376 0.73516 0.73698

======= iteration 12 =======
initial: 6
0.99861 0.00138 0.00001 0.00000 0.00000 0.00000

transition: 6
0.42632 0.34817 0.10945 0.09632 0.01113 0.00861
0.06630 0.30539 0.40770 0.15224 0.03964 0.02873
0.02430 0.05475 0.30707 0.49587 0.07206 0.04595
0.00814 0.02428 0.06182 0.38127 0.42950 0.09499
0.07290 0.07938 0.03707 0.00355 0.26413 0.54298
0.38309 0.13963 0.06113 0.00503 0.05297 0.35815

observation: 6
0.24117 0.07949 0.03088 0.05894 0.03426 0.00369
0.20018 0.09321 0.04667 0.06561 0.02515 0.00518
0.55077 0.74331 0.61438 0.20491 0.07730 0.22663
0.00214 0.07780 0.28981 0.56836 0.06342 0.00076
0.00003 0.00182 0.01610 0.09396 0.03218 0.00018
0.00571 0.00437 0.00215 0.00823 0.76770 0.76357

======= iteration 13 =======
initial: 6
0.99939 0.00061 0.00000 0.00000 0.00000 0.00000

transition: 6
0.43550 0.34084 0.10910 0.10018 0.00804 0.00634
0.06309 0.30634 0.41679 0.15613 0.03286 0.02479
0.02021 0.05090 0.30708 0.51223 0.06597 0.04362
0.00564 0.02071 0.06192 0.38974 0.42389 0.09809
0.07727 0.09100 0.03494 0.00157 0.24843 0.54679
0.38705 0.15431 0.05624 0.00246 0.05054 0.34941

observation: 6
0.24172 0.07274 0.02943 0.06471 0.03482 0.00252
0.20246 0.08799 0.04293 0.06925 0.02644 0.00385
0.55063 0.76848 0.62433 0.19788 0.06794 0.20496
0.00126 0.06635 0.28765 0.56766 0.04859 0.00027
0.00001 0.00141 0.01456 0.09566 0.02753 0.00007
0.00392 0.00302 0.00111 0.00486 0.79469 0.78833

======= iteration 14 =======
initial: 6
0.99974 0.00026 0.00000 0.00000 0.00000 0.00000

transition: 6
0.44472 0.33156 0.10853 0.10471 0.00579 0.00468
0.06028 0.30822 0.42441 0.15894 0.02690 0.02126
0.01703 0.04769 0.30782 0.52459 0.06080 0.04207
0.00400 0.01810 0.06352 0.39790 0.41486 0.10160
0.08190 0.10603 0.03289 0.00066 0.23605 0.54248
0.38361 0.17022 0.05067 0.00111 0.05012 0.34426

observation: 6
0.24428 0.06658 0.02811 0.06968 0.03389 0.00168
0.20570 0.08317 0.03970 0.07250 0.02686 0.00278
0.54654 0.79109 0.63172 0.19613 0.06130 0.18384
0.00076 0.05599 0.28673 0.56228 0.03693 0.00009
0.00001 0.00109 0.01317 0.09655 0.02334 0.00002
0.00270 0.00209 0.00056 0.00286 0.81768 0.81157

======= iteration 15 =======
initial: 6
0.99989 0.00011 0.00000 0.00000 0.00000 0.00000

transition: 6
0.45417 0.32057 0.10784 0.10980 0.00416 0.00346
0.05782 0.31121 0.43059 0.16080 0.02163 0.01795
0.01454 0.04498 0.30902 0.53395 0.05647 0.04103
0.00289 0.01607 0.06612 0.40563 0.40410 0.10518
0.08633 0.12466 0.03062 0.00026 0.22610 0.53202
0.37394 0.18770 0.04463 0.00047 0.05106 0.34220

observation: 6
0.24852 0.06089 0.02696 0.07398 0.03193 0.00110
0.20988 0.07862 0.03699 0.07542 0.02648 0.00197
0.53926 0.81195 0.63672 0.19782 0.05612 0.16323
0.00048 0.04628 0.28712 0.55420 0.02781 0.00003
0.00000 0.00081 0.01193 0.09689 0.01964 0.00001
0.00186 0.00144 0.00028 0.00168 0.83803 0.83367

======= iteration 16 =======
initial: 6
0.99996 0.00004 0.00000 0.00000 0.00000 0.00000

transition: 6
0.46390 0.30810 0.10711 0.11536 0.00297 0.00256
0.05569 0.31563 0.43518 0.16178 0.01697 0.01475
0.01258 0.04267 0.31046 0.54115 0.05285 0.04028
0.00212 0.01438 0.06932 0.41281 0.39289 0.10847
0.09006 0.14689 0.02793 0.00010 0.21783 0.51719
0.35906 0.20698 0.03831 0.00019 0.05288 0.34258

observation: 6
0.25428 0.05557 0.02600 0.07773 0.02931 0.00070
0.21499 0.07427 0.03475 0.07809 0.02542 0.00136
0.52915 0.83147 0.63961 0.20166 0.05157 0.14302
0.00031 0.03712 0.28870 0.54465 0.02069 0.00001
0.00000 0.00059 0.01080 0.09689 0.01636 0.00000
0.00127 0.00098 0.00013 0.00099 0.85664 0.85491

======= iteration 17 =======
initial: 6
0.99998 0.00002 0.00000 0.00000 0.00000 0.00000

transition: 6
0.47384 0.29440 0.10645 0.12132 0.00212 0.00188
0.05387 0.32186 0.43784 0.16185 0.01290 0.01168
0.01104 0.04069 0.31204 0.54675 0.04984 0.03966
0.00158 0.01291 0.07286 0.41934 0.38210 0.11121
0.09262 0.17239 0.02475 0.00004 0.21071 0.49949
0.33980 0.22802 0.03195 0.00007 0.05527 0.34489

observation: 6
0.26154 0.05064 0.02522 0.08100 0.02634 0.00044
0.22111 0.07008 0.03292 0.08057 0.02385 0.00092
0.51628 0.84959 0.64071 0.20684 0.04722 0.12324
0.00021 0.02863 0.29130 0.53435 0.01518 0.00000
0.00000 0.00040 0.00979 0.09667 0.01347 0.00000
0.00086 0.00066 0.00006 0.00058 0.87394 0.87539

======= iteration 18 =======
initial: 6
0.99999 0.00001 0.00000 0.00000 0.00000 0.00000

transition: 6
0.48373 0.27980 0.10599 0.12762 0.00150 0.00137
0.05236 0.33025 0.43815 0.16096 0.00944 0.00884
0.00981 0.03899 0.31367 0.55115 0.04733 0.03905
0.00119 0.01159 0.07657 0.42514 0.37225 0.11325
0.09370 0.20048 0.02119 0.00001 0.20438 0.48024
0.31699 0.25044 0.02580 0.00002 0.05801 0.34874

observation: 6
0.27037 0.04617 0.02462 0.08381 0.02325 0.00028
0.22832 0.06614 0.03145 0.08285 0.02193 0.00061
0.50058 0.86590 0.64032 0.21283 0.04286 0.10408
0.00015 0.02109 0.29470 0.52383 0.01096 0.00000
0.00000 0.00026 0.00889 0.09634 0.01093 0.00000
0.00057 0.00043 0.00003 0.00034 0.89007 0.89503

======= iteration 19 =======
initial: 6
1.00000 0.00000 0.00000 0.00000 0.00000 0.00000

transition: 6
0.49314 0.26476 0.10589 0.13416 0.00106 0.00099
0.05113 0.34103 0.43571 0.15915 0.00662 0.00636
0.00884 0.03755 0.31528 0.55468 0.04525 0.03840
0.00092 0.01041 0.08034 0.43016 0.36360 0.11456
0.09321 0.23009 0.01745 0.00000 0.19863 0.46062
0.29158 0.27356 0.02012 0.00001 0.06093 0.35380

observation: 6
0.28078 0.04231 0.02420 0.08618 0.02021 0.00017
0.23666 0.06261 0.03029 0.08491 0.01984 0.00040
0.48207 0.87987 0.63874 0.21926 0.03846 0.08583
0.00012 0.01477 0.29866 0.51347 0.00780 0.00000
0.00000 0.00016 0.00810 0.09598 0.00873 0.00000
0.00037 0.00028 0.00001 0.00020 0.90495 0.91359

======= iteration 20 =======
initial: 6
1.00000 0.00000 0.00000 0.00000 0.00000 0.00000

transition: 6
0.50153 0.24988 0.10631 0.14084 0.00075 0.00070
0.05015 0.35417 0.43031 0.15660 0.00444 0.00433
0.00806 0.03628 0.31676 0.55767 0.04353 0.03770
0.00071 0.00935 0.08409 0.43432 0.35629 0.11524
0.09129 0.25994 0.01382 0.00000 0.19331 0.44164
0.26474 0.29644 0.01516 0.00000 0.06387 0.35979

observation: 6
0.29267 0.03921 0.02397 0.08812 0.01739 0.00010
0.24601 0.05970 0.02942 0.08670 0.01772 0.00026
0.46100 0.89103 0.63620 0.22580 0.03408 0.06892
0.00010 0.00980 0.30300 0.50362 0.00547 0.00000
0.00000 0.00010 0.00741 0.09564 0.00687 0.00000
0.00023 0.00017 0.00001 0.00011 0.91846 0.93072

======= iteration 21 =======
initial: 6
1.00000 0.00000 0.00000 0.00000 0.00000 0.00000

transition: 6
0.50835 0.23582 0.10737 0.14745 0.00052 0.00050
0.04936 0.36935 0.42207 0.15357 0.00286 0.00279
0.00743 0.03511 0.31793 0.56047 0.04211 0.03695
0.00057 0.00839 0.08774 0.43755 0.35031 0.11544
0.08827 0.28871 0.01055 0.00000 0.18835 0.42412
0.23774 0.31811 0.01105 0.00000 0.06669 0.36641

observation: 6
0.30574 0.03701 0.02391 0.08965 0.01488 0.00006
0.25608 0.05761 0.02878 0.08821 0.01571 0.00017
0.43794 0.89906 0.63283 0.23217 0.02983 0.05373
0.00009 0.00617 0.30767 0.49454 0.00379 0.00000
0.00000 0.00005 0.00681 0.09537 0.00532 0.00000
0.00014 0.00011 0.00000 0.00007 0.93048 0.94603

======= iteration 22 =======
initial: 6
1.00000 0.00000 0.00000 0.00000 0.00000 0.00000

transition: 6
0.51322 0.22323 0.10914 0.15370 0.00036 0.00035
0.04868 0.38591 0.41150 0.15043 0.00176 0.00172
0.00689 0.03395 0.31866 0.56337 0.04093 0.03620
0.00046 0.00753 0.09124 0.43980 0.34563 0.11534
0.08453 0.31536 0.00780 0.00000 0.18372 0.40860
0.21176 0.33781 0.00783 0.00000 0.06926 0.37335

observation: 6
0.31954 0.03579 0.02402 0.09080 0.01271 0.00004
0.26647 0.05650 0.02832 0.08942 0.01386 0.00011
0.41382 0.90392 0.62868 0.23814 0.02580 0.04062
0.00009 0.00370 0.31267 0.48641 0.00260 0.00000
0.00000 0.00003 0.00631 0.09519 0.00406 0.00000
0.00008 0.00006 0.00000 0.00004 0.94098 0.95923

======= iteration 23 =======
initial: 6
1.00000 0.00000 0.00000 0.00000 0.00000 0.00000

transition: 6
0.51606 0.21262 0.11161 0.15922 0.00025 0.00024
0.04799 0.40307 0.39936 0.14751 0.00105 0.00101
0.00642 0.03272 0.31885 0.56657 0.03997 0.03546
0.00037 0.00676 0.09458 0.44102 0.34216 0.11511
0.08042 0.33924 0.00561 0.00000 0.17941 0.39533
0.18767 0.35513 0.00542 0.00000 0.07150 0.38029

observation: 6
0.33352 0.03561 0.02425 0.09162 0.01088 0.00003
0.27667 0.05643 0.02798 0.09037 0.01223 0.00007
0.38966 0.90578 0.62378 0.24358 0.02208 0.02977
0.00010 0.00213 0.31810 0.47927 0.00176 0.00000
0.00000 0.00002 0.00588 0.09513 0.00306 0.00000
0.00005 0.00004 0.00000 0.00002 0.94998 0.97013

======= iteration 24 =======
initial: 6
1.00000 0.00000 0.00000 0.00000 0.00000 0.00000

transition: 6
0.51713 0.20416 0.11469 0.16369 0.00017 0.00016
0.04717 0.42011 0.38646 0.14506 0.00062 0.00058
0.00599 0.03139 0.31852 0.57014 0.03918 0.03478
0.00031 0.00607 0.09775 0.44120 0.33980 0.11487
0.07615 0.36013 0.00395 0.00000 0.17545 0.38432
0.16591 0.37010 0.00368 0.00000 0.07335 0.38696

observation: 6
0.34715 0.03646 0.02454 0.09219 0.00936 0.00002
0.28631 0.05733 0.02769 0.09109 0.01081 0.00005
0.36640 0.90500 0.61821 0.24845 0.01873 0.02118
0.00011 0.00118 0.32403 0.47306 0.00119 0.00000
0.00000 0.00001 0.00552 0.09520 0.00228 0.00000
0.00003 0.00002 0.00000 0.00001 0.95762 0.97875

======= iteration 25 =======
initial: 6
1.00000 0.00000 0.00000 0.00000 0.00000 0.00000

transition: 6
0.51696 0.19773 0.11822 0.16686 0.00012 0.00011
0.04606 0.43653 0.37352 0.14320 0.00036 0.00033
0.00559 0.02996 0.31774 0.57404 0.03853 0.03415
0.00026 0.00545 0.10078 0.44038 0.33843 0.11469
0.07179 0.37819 0.00273 0.00000 0.17187 0.37542
0.14653 0.38305 0.00246 0.00000 0.07482 0.39314

observation: 6
0.36003 0.03825 0.02482 0.09256 0.00811 0.00001
0.29518 0.05906 0.02738 0.09166 0.00959 0.00003
0.34463 0.90202 0.61209 0.25275 0.01577 0.01467
0.00014 0.00064 0.33049 0.46765 0.00080 0.00000
0.00000 0.00000 0.00522 0.09538 0.00169 0.00000
0.00001 0.00001 0.00000 0.00001 0.96405 0.98529

======= iteration 26 =======
initial: 6
1.00000 0.00000 0.00000 0.00000 0.00000 0.00000

transition: 6
0.51620 0.19298 0.12202 0.16865 0.00008 0.00007
0.04457 0.45203 0.36106 0.14195 0.00020 0.00018
0.00521 0.02847 0.31664 0.57816 0.03797 0.03356
0.00022 0.00492 0.10370 0.43863 0.33792 0.11462
0.06733 0.39374 0.00185 0.00000 0.16871 0.36836
0.12933 0.39442 0.00162 0.00000 0.07594 0.39868

observation: 6
0.37191 0.04089 0.02503 0.09280 0.00706 0.00001
0.30326 0.06140 0.02698 0.09213 0.00853 0.00002
0.32464 0.89736 0.60557 0.25652 0.01320 0.00992
0.00019 0.00035 0.33746 0.46287 0.00053 0.00000
0.00000 0.00000 0.00496 0.09567 0.00124 0.00000
0.00001 0.00001 0.00000 0.00000 0.96944 0.99005

======= iteration 27 =======
initial: 6
1.00000 0.00000 0.00000 0.00000 0.00000 0.00000

transition: 6
0.51550 0.18944 0.12588 0.16908 0.00005 0.00005
0.04264 0.46652 0.34937 0.14126 0.00012 0.00010
0.00485 0.02695 0.31534 0.58237 0.03748 0.03302
0.00019 0.00444 0.10657 0.43603 0.33812 0.11465
0.06275 0.40718 0.00124 0.00000 0.16597 0.36285
0.11402 0.40467 0.00106 0.00000 0.07676 0.40349

observation: 6
0.38265 0.04422 0.02509 0.09299 0.00619 0.00000
0.31065 0.06411 0.02648 0.09258 0.00761 0.00001
0.30643 0.89148 0.59881 0.25982 0.01101 0.00658
0.00026 0.00018 0.34488 0.45857 0.00035 0.00000
0.00000 0.00000 0.00473 0.09604 0.00090 0.00000
0.00000 0.00000 0.00000 0.00000 0.97394 0.99340

======= iteration 28 =======
initial: 6
1.00000 0.00000 0.00000 0.00000 0.00000 0.00000

transition: 6
0.51541 0.18662 0.12961 0.16829 0.00004 0.00003
0.04025 0.47996 0.33860 0.14106 0.00007 0.00006
0.00451 0.02545 0.31395 0.58656 0.03702 0.03250
0.00016 0.00403 0.10942 0.43269 0.33890 0.11480
0.05803 0.41886 0.00082 0.00000 0.16364 0.35864
0.10031 0.41411 0.00068 0.00000 0.07735 0.40756

observation: 6
0.39221 0.04807 0.02500 0.09317 0.00544 0.00000
0.31750 0.06702 0.02587 0.09303 0.00681 0.00001
0.28991 0.88481 0.59194 0.26271 0.00915 0.00429
0.00037 0.00010 0.35266 0.45461 0.00024 0.00000
0.00000 0.00000 0.00454 0.09649 0.00065 0.00000
0.00000 0.00000 0.00000 0.00000 0.97771 0.99570

======= iteration 29 =======
initial: 6
1.00000 0.00000 0.00000 0.00000 0.00000 0.00000

transition: 6
0.51636 0.18414 0.13305 0.16641 0.00002 0.00002
0.03748 0.49240 0.32877 0.14128 0.00004 0.00003
0.00420 0.02400 0.31255 0.59065 0.03659 0.03201
0.00014 0.00367 0.11231 0.42869 0.34013 0.11506
0.05321 0.42910 0.00053 0.00000 0.16170 0.35546
0.08797 0.42295 0.00044 0.00000 0.07774 0.41090

observation: 6
0.40060 0.05227 0.02472 0.09338 0.00479 0.00000
0.32390 0.06998 0.02516 0.09351 0.00611 0.00001
0.27494 0.87770 0.58507 0.26523 0.00760 0.00276
0.00056 0.00005 0.36068 0.45089 0.00016 0.00000
0.00000 0.00000 0.00436 0.09699 0.00047 0.00000
0.00000 0.00000 0.00000 0.00000 0.98087 0.99723

======= iteration 30 =======
initial: 6
1.00000 0.00000 0.00000 0.00000 0.00000 0.00000

transition: 6
0.51862 0.18170 0.13604 0.16361 0.00002 0.00001
0.03441 0.50385 0.31986 0.14184 0.00002 0.00002
0.00390 0.02263 0.31122 0.59458 0.03616 0.03152
0.00012 0.00336 0.11526 0.42413 0.34172 0.11541
0.04832 0.43810 0.00034 0.00000 0.16011 0.35312
0.07685 0.43129 0.00028 0.00000 0.07798 0.41360

observation: 6
0.40784 0.05663 0.02429 0.09364 0.00423 0.00000
0.32986 0.07290 0.02436 0.09403 0.00548 0.00000
0.26141 0.87044 0.57830 0.26745 0.00630 0.00176
0.00089 0.00003 0.36885 0.44734 0.00011 0.00000
0.00000 0.00000 0.00421 0.09754 0.00034 0.00000
0.00000 0.00000 0.00000 0.00000 0.98354 0.99823

======= iteration 31 =======
initial: 6
1.00000 0.00000 0.00000 0.00000 0.00000 0.00000

transition: 6
0.52238 0.17913 0.13844 0.16003 0.00001 0.00001
0.03116 0.51434 0.31180 0.14268 0.00001 0.00001
0.00360 0.02134 0.30998 0.59831 0.03572 0.03104
0.00010 0.00309 0.11829 0.41909 0.34358 0.11585
0.04347 0.44606 0.00022 0.00000 0.15882 0.35143
0.06683 0.43916 0.00017 0.00000 0.07812 0.41572

observation: 6
0.41397 0.06099 0.02370 0.09396 0.00372 0.00000
0.33534 0.07574 0.02351 0.09457 0.00491 0.00000
0.24926 0.86326 0.57168 0.26942 0.00523 0.00111
0.00143 0.00001 0.37704 0.44392 0.00007 0.00000
0.00000 0.00000 0.00407 0.09813 0.00024 0.00000
0.00000 0.00000 0.00000 0.00000 0.98582 0.99888

======= iteration 32 =======
initial: 6
1.00000 0.00000 0.00000 0.00000 0.00000 0.00000

transition: 6
0.52774 0.17636 0.14011 0.15578 0.00001 0.00001
0.02785 0.52391 0.30450 0.14373 0.00001 0.00001
0.00329 0.02013 0.30887 0.60184 0.03529 0.03057
0.00009 0.00285 0.12141 0.41364 0.34564 0.11637
0.03873 0.45309 0.00013 0.00000 0.15778 0.35026
0.05781 0.44656 0.00011 0.00000 0.07817 0.41735

observation: 6
0.41902 0.06523 0.02300 0.09432 0.00327 0.00000
0.34025 0.07846 0.02261 0.09513 0.00438 0.00000
0.23843 0.85631 0.56528 0.27117 0.00434 0.00070
0.00230 0.00001 0.38517 0.44063 0.00005 0.00000
0.00000 0.00000 0.00394 0.09874 0.00018 0.00000
0.00000 0.00000 0.00000 0.00000 0.98779 0.99930

======= iteration 33 =======
initial: 6
1.00000 0.00000 0.00000 0.00000 0.00000 0.00000

transition: 6
0.53463 0.17343 0.14092 0.15100 0.00000 0.00000
0.02460 0.53258 0.29787 0.14494 0.00000 0.00000
0.00296 0.01900 0.30790 0.60519 0.03484 0.03011
0.00007 0.00263 0.12462 0.40784 0.34788 0.11696
0.03418 0.45930 0.00008 0.00000 0.15696 0.34947
0.04974 0.45345 0.00006 0.00000 0.07816 0.41859

observation: 6
0.42301 0.06925 0.02222 0.09473 0.00285 0.00000
0.34446 0.08105 0.02169 0.09569 0.00389 0.00000
0.22892 0.84970 0.55913 0.27274 0.00360 0.00044
0.00361 0.00000 0.39314 0.43745 0.00003 0.00000
0.00000 0.00000 0.00383 0.09938 0.00013 0.00000
0.00000 0.00000 0.00000 0.00000 0.98951 0.99956

======= iteration 34 =======
initial: 6
1.00000 0.00000 0.00000 0.00000 0.00000 0.00000

transition: 6
0.54285 0.17045 0.14084 0.14586 0.00000 0.00000
0.02149 0.54042 0.29183 0.14626 0.00000 0.00000
0.00261 0.01793 0.30707 0.60836 0.03439 0.02965
0.00006 0.00243 0.12790 0.40175 0.35024 0.11762
0.02989 0.46477 0.00005 0.00000 0.15631 0.34898
0.04253 0.45982 0.00004 0.00000 0.07812 0.41949

observation: 6
0.42599 0.07299 0.02137 0.09517 0.00246 0.00000
0.34789 0.08349 0.02075 0.09625 0.00342 0.00000
0.22071 0.84352 0.55324 0.27415 0.00299 0.00027
0.00540 0.00000 0.40091 0.43439 0.00002 0.00000
0.00000 0.00000 0.00372 0.10004 0.00009 0.00000
0.00000 0.00000 0.00000 0.00000 0.99102 0.99973

======= iteration 35 =======
initial: 6
1.00000 0.00000 0.00000 0.00000 0.00000 0.00000

transition: 6
0.55194 0.16758 0.13990 0.14059 0.00000 0.00000
0.01858 0.54747 0.28631 0.14763 0.00000 0.00000
0.00224 0.01691 0.30637 0.61136 0.03392 0.02920
0.00004 0.00224 0.13124 0.39545 0.35269 0.11833
0.02591 0.46957 0.00003 0.00000 0.15579 0.34869
0.03615 0.46564 0.00002 0.00000 0.07804 0.42015

observation: 6
0.42805 0.07642 0.02049 0.09564 0.00211 0.00000
0.35054 0.08579 0.01982 0.09680 0.00299 0.00000
0.21379 0.83779 0.54763 0.27540 0.00248 0.00017
0.00762 0.00000 0.40844 0.43145 0.00001 0.00000
0.00000 0.00000 0.00363 0.10071 0.00006 0.00000
0.00000 0.00000 0.00000 0.00000 0.99235 0.99983

======= iteration 36 =======
initial: 6
1.00000 0.00000 0.00000 0.00000 0.00000 0.00000

transition: 6
0.56135 0.16496 0.13825 0.13544 0.00000 0.00000
0.01594 0.55379 0.28125 0.14902 0.00000 0.00000
0.00189 0.01593 0.30579 0.61420 0.03346 0.02875
0.00003 0.00207 0.13466 0.38899 0.35518 0.11907
0.02228 0.47376 0.00002 0.00000 0.15539 0.34856
0.03053 0.47090 0.00001 0.00000 0.07796 0.42060

observation: 6
0.42935 0.07953 0.01960 0.09614 0.00180 0.00000
0.35246 0.08791 0.01889 0.09735 0.00259 0.00000
0.20809 0.83256 0.54227 0.27652 0.00205 0.00011
0.01010 0.00000 0.41570 0.42862 0.00001 0.00000
0.00000 0.00000 0.00354 0.10137 0.00005 0.00000
0.00000 0.00000 0.00000 0.00000 0.99351 0.99989

======= iteration 37 =======
initial: 6
1.00000 0.00000 0.00000 0.00000 0.00000 0.00000

transition: 6
0.57055 0.16271 0.13609 0.13066 0.00000 0.00000
0.01358 0.55943 0.27660 0.15039 0.00000 0.00000
0.00156 0.01499 0.30530 0.61687 0.03298 0.02830
0.00002 0.00190 0.13813 0.38245 0.35766 0.11983
0.01901 0.47738 0.00001 0.00000 0.15507 0.34852
0.02565 0.47557 0.00001 0.00000 0.07786 0.42091

observation: 6
0.43009 0.08231 0.01871 0.09666 0.00152 0.00000
0.35378 0.08985 0.01799 0.09792 0.00223 0.00000
0.20347 0.82784 0.53717 0.27752 0.00170 0.00007
0.01266 0.00000 0.42267 0.42588 0.00001 0.00000
0.00000 0.00000 0.00347 0.10202 0.00003 0.00000
0.00000 0.00000 0.00000 0.00000 0.99451 0.99993

======= iteration 38 =======
initial: 6
1.00000 0.00000 0.00000 0.00000 0.00000 0.00000

transition: 6
0.57910 0.16088 0.13361 0.12640 0.00000 0.00000
0.01151 0.56444 0.27234 0.15171 0.00000 0.00000
0.00127 0.01409 0.30489 0.61939 0.03250 0.02786
0.00002 0.00176 0.14167 0.37588 0.36009 0.12059
0.01613 0.48049 0.00001 0.00000 0.15482 0.34855
0.02145 0.47968 0.00000 0.00000 0.07777 0.42111

observation: 6
0.43044 0.08477 0.01785 0.09721 0.00128 0.00000
0.35465 0.09159 0.01712 0.09849 0.00191 0.00000
0.19978 0.82363 0.53231 0.27842 0.00141 0.00004
0.01513 0.00000 0.42933 0.42324 0.00000 0.00000
0.00000 0.00000 0.00340 0.10265 0.00002 0.00000
0.00000 0.00000 0.00000 0.00000 0.99538 0.99996

======= iteration 39 =======
initial: 6
1.00000 0.00000 0.00000 0.00000 0.00000 0.00000

transition: 6
0.58674 0.15949 0.13099 0.12277 0.00000 0.00000
0.00972 0.56888 0.26844 0.15296 0.00000 0.00000
0.00102 0.01324 0.30453 0.62177 0.03202 0.02742
0.00001 0.00162 0.14525 0.36935 0.36244 0.12133
0.01362 0.48313 0.00000 0.00000 0.15463 0.34862
0.01787 0.48322 0.00000 0.00000 0.07768 0.42123

observation: 6
0.43055 0.08692 0.01701 0.09777 0.00107 0.00000
0.35521 0.09314 0.01628 0.09907 0.00163 0.00000
0.19683 0.81994 0.52771 0.27924 0.00117 0.00003
0.01740 0.00000 0.43567 0.42068 0.00000 0.00000
0.00000 0.00000 0.00333 0.10324 0.00002 0.00000
0.00000 0.00000 0.00000 0.00000 0.99611 0.99997

======= iteration 40 =======
initial: 6
1.00000 0.00000 0.00000 0.00000 0.00000 0.00000

transition: 6
0.59335 0.15852 0.12835 0.11978 0.00000 0.00000
0.00819 0.57279 0.26487 0.15415 0.00000 0.00000
0.00081 0.01245 0.30418 0.62403 0.03153 0.02699
0.00001 0.00149 0.14887 0.36288 0.36470 0.12205
0.01148 0.48534 0.00000 0.00000 0.15447 0.34872
0.01486 0.48625 0.00000 0.00000 0.07759 0.42130

observation: 6
0.43055 0.08877 0.01621 0.09834 0.00090 0.00000
0.35557 0.09448 0.01549 0.09965 0.00138 0.00000
0.19448 0.81674 0.52336 0.28000 0.00097 0.00002
0.01940 0.00000 0.44166 0.41821 0.00000 0.00000
0.00000 0.00000 0.00327 0.10381 0.00001 0.00000
0.00000 0.00000 0.00000 0.00000 0.99674 0.99998

======= iteration 41 =======
initial: 6
1.00000 0.00000 0.00000 0.00000 0.00000 0.00000

transition: 6
0.59893 0.15792 0.12577 0.11739 0.00000 0.00000
0.00691 0.57622 0.26161 0.15526 0.00000 0.00000
0.00064 0.01170 0.30382 0.62620 0.03106 0.02657
0.00001 0.00138 0.15251 0.35652 0.36684 0.12274
0.00966 0.48717 0.00000 0.00000 0.15434 0.34883
0.01235 0.48880 0.00000 0.00000 0.07751 0.42134

observation: 6
0.43048 0.09036 0.01546 0.09890 0.00075 0.00000
0.35580 0.09564 0.01474 0.10023 0.00117 0.00000
0.19259 0.81400 0.51929 0.28070 0.00081 0.00001
0.02113 0.00000 0.44729 0.41584 0.00000 0.00000
0.00000 0.00000 0.00322 0.10434 0.00001 0.00000
0.00000 0.00000 0.00000 0.00000 0.99726 0.99999

======= iteration 42 =======
initial: 6
1.00000 0.00000 0.00000 0.00000 0.00000 0.00000

transition: 6
0.60353 0.15763 0.12331 0.11553 0.00000 0.00000
0.00583 0.57922 0.25865 0.15630 0.00000 0.00000
0.00051 0.01101 0.30342 0.62830 0.03059 0.02616
0.00000 0.00128 0.15615 0.35029 0.36888 0.12340
0.00813 0.48869 0.00000 0.00000 0.15424 0.34894
0.01028 0.49094 0.00000 0.00000 0.07743 0.42135

observation: 6
0.43039 0.09170 0.01475 0.09946 0.00062 0.00000
0.35595 0.09663 0.01403 0.10080 0.00100 0.00000
0.19106 0.81167 0.51549 0.28134 0.00067 0.00001
0.02259 0.00000 0.45256 0.41357 0.00000 0.00000
0.00000 0.00000 0.00317 0.10483 0.00001 0.00000
0.00000 0.00000 0.00000 0.00000 0.99770 0.99999

======= iteration 43 =======
initial: 6
1.00000 0.00000 0.00000 0.00000 0.00000 0.00000

transition: 6
0.60729 0.15759 0.12099 0.11413 0.00000 0.00000
0.00494 0.58185 0.25595 0.15726 0.00000 0.00000
0.00040 0.01037 0.30296 0.63036 0.03014 0.02577
0.00000 0.00119 0.15976 0.34423 0.37079 0.12403
0.00685 0.48994 0.00000 0.00000 0.15415 0.34905
0.00857 0.49272 0.00000 0.00000 0.07737 0.42135

observation: 6
0.43030 0.09284 0.01408 0.10001 0.00052 0.00000
0.35606 0.09746 0.01337 0.10136 0.00085 0.00000
0.18981 0.80970 0.51196 0.28193 0.00056 0.00000
0.02382 0.00000 0.45745 0.41141 0.00000 0.00000
0.00000 0.00000 0.00313 0.10529 0.00000 0.00000
0.00000 0.00000 0.00000 0.00000 0.99807 1.00000

======= iteration 44 =======
initial: 6
1.00000 0.00000 0.00000 0.00000 0.00000 0.00000

transition: 6
0.61032 0.15776 0.11882 0.11310 0.00000 0.00000
0.00420 0.58414 0.25350 0.15816 0.00000 0.00000
0.00032 0.00979 0.30242 0.63238 0.02971 0.02539
0.00000 0.00111 0.16333 0.33835 0.37259 0.12462
0.00579 0.49097 0.00000 0.00000 0.15408 0.34916
0.00717 0.49419 0.00000 0.00000 0.07731 0.42134

observation: 6
0.43022 0.09379 0.01346 0.10054 0.00043 0.00000
0.35613 0.09816 0.01275 0.10190 0.00072 0.00000
0.18880 0.80805 0.50871 0.28247 0.00047 0.00000
0.02485 0.00000 0.46198 0.40938 0.00000 0.00000
0.00000 0.00000 0.00309 0.10572 0.00000 0.00000
0.00000 0.00000 0.00000 0.00000 0.99838 1.00000

======= iteration 45 =======
initial: 6
1.00000 0.00000 0.00000 0.00000 0.00000 0.00000

transition: 6
0.61275 0.15807 0.11681 0.11237 0.00000 0.00000
0.00358 0.58615 0.25128 0.15899 0.00000 0.00000
0.00026 0.00924 0.30179 0.63439 0.02929 0.02503
0.00000 0.00103 0.16683 0.33268 0.37428 0.12518
0.00492 0.49180 0.00000 0.00000 0.15402 0.34925
0.00602 0.49540 0.00000 0.00000 0.07726 0.42132

observation: 6
0.43014 0.09459 0.01288 0.10104 0.00036 0.00000
0.35619 0.09875 0.01218 0.10242 0.00061 0.00000
0.18796 0.80666 0.50572 0.28296 0.00039 0.00000
0.02572 0.00000 0.46615 0.40746 0.00000 0.00000
0.00000 0.00000 0.00306 0.10612 0.00000 0.00000
0.00000 0.00000 0.00000 0.00000 0.99863 1.00000

======= iteration 46 =======
initial: 6
1.00000 0.00000 0.00000 0.00000 0.00000 0.00000

transition: 6
0.61469 0.15848 0.11496 0.11187 0.00000 0.00000
0.00307 0.58790 0.24927 0.15976 0.00000 0.00000
0.00020 0.00875 0.30107 0.63639 0.02890 0.02469
0.00000 0.00097 0.17026 0.32722 0.37585 0.12570
0.00419 0.49249 0.00000 0.00000 0.15397 0.34934
0.00507 0.49641 0.00000 0.00000 0.07721 0.42131

observation: 6
0.43007 0.09526 0.01235 0.10152 0.00030 0.00000
0.35623 0.09924 0.01165 0.10291 0.00052 0.00000
0.18726 0.80550 0.50300 0.28340 0.00033 0.00000
0.02644 0.00000 0.46998 0.40568 0.00000 0.00000
0.00000 0.00000 0.00303 0.10649 0.00000 0.00000
0.00000 0.00000 0.00000 0.00000 0.99885 1.00000

======= iteration 47 =======
initial: 6
1.00000 0.00000 0.00000 0.00000 0.00000 0.00000

transition: 6
0.61623 0.15897 0.11325 0.11155 0.00000 0.00000
0.00264 0.58944 0.24745 0.16047 0.00000 0.00000
0.00016 0.00829 0.30026 0.63839 0.02853 0.02437
0.00000 0.00091 0.17359 0.32200 0.37731 0.12619
0.00359 0.49306 0.00000 0.00000 0.15393 0.34942
0.00430 0.49723 0.00000 0.00000 0.07717 0.42129

observation: 6
0.43000 0.09582 0.01186 0.10197 0.00025 0.00000
0.35625 0.09965 0.01116 0.10337 0.00044 0.00000
0.18668 0.80453 0.50052 0.28380 0.00028 0.00000
0.02706 0.00000 0.47347 0.40403 0.00000 0.00000
0.00000 0.00000 0.00300 0.10683 0.00000 0.00000
0.00000 0.00000 0.00000 0.00000 0.99903 1.00000

======= iteration 48 =======
initial: 6
1.00000 0.00000 0.00000 0.00000 0.00000 0.00000

transition: 6
0.61747 0.15949 0.11168 0.11137 0.00000 0.00000
0.00229 0.59078 0.24580 0.16113 0.00000 0.00000
0.00013 0.00787 0.29935 0.64039 0.02818 0.02407
0.00000 0.00085 0.17682 0.31703 0.37866 0.12664
0.00309 0.49353 0.00000 0.00000 0.15390 0.34949
0.00366 0.49792 0.00000 0.00000 0.07714 0.42128

observation: 6
0.42994 0.09629 0.01140 0.10240 0.00021 0.00000
0.35627 0.09999 0.01071 0.10381 0.00038 0.00000
0.18620 0.80372 0.49827 0.28415 0.00023 0.00000
0.02759 0.00000 0.47664 0.40251 0.00000 0.00000
0.00000 0.00000 0.00298 0.10713 0.00000 0.00000
0.00000 0.00000 0.00000 0.00000 0.99918 1.00000

======= iteration 49 =======
initial: 6
1.00000 0.00000 0.00000 0.00000 0.00000 0.00000

transition: 6
0.61846 0.16002 0.11023 0.11128 0.00000 0.00000
0.00199 0.59197 0.24431 0.16173 0.00000 0.00000
0.00011 0.00749 0.29837 0.64239 0.02785 0.02379
0.00000 0.00080 0.17994 0.31230 0.37990 0.12705
0.00267 0.49392 0.00000 0.00000 0.15387 0.34955
0.00313 0.49849 0.00000 0.00000 0.07711 0.42127

observation: 6
0.42988 0.09669 0.01098 0.10280 0.00018 0.00000
0.35628 0.10027 0.01029 0.10422 0.00032 0.00000
0.18579 0.80303 0.49625 0.28446 0.00020 0.00000
0.02805 0.00000 0.47952 0.40111 0.00000 0.00000
0.00000 0.00000 0.00296 0.10742 0.00000 0.00000
0.00000 0.00000 0.00000 0.00000 0.99931 1.00000

======= iteration 50 =======
initial: 6
1.00000 0.00000 0.00000 0.00000 0.00000 0.00000

transition: 6
0.61926 0.16056 0.10891 0.11128 0.00000 0.00000
0.00174 0.59301 0.24296 0.16229 0.00000 0.00000
0.00009 0.00713 0.29731 0.64438 0.02755 0.02353
0.00000 0.00076 0.18294 0.30783 0.38103 0.12743
0.00232 0.49424 0.00000 0.00000 0.15384 0.34960
0.00269 0.49897 0.00000 0.00000 0.07709 0.42125

observation: 6
0.42983 0.09703 0.01059 0.10317 0.00015 0.00000
0.35628 0.10052 0.00990 0.10460 0.00027 0.00000
0.18545 0.80245 0.49444 0.28473 0.00017 0.00000
0.02844 0.00000 0.48212 0.39983 0.00000 0.00000
0.00000 0.00000 0.00294 0.10767 0.00000 0.00000
0.00000 0.00000 0.00000 0.00000 0.99941 1.00000

======= iteration 51 =======
initial: 6
1.00000 0.00000 0.00000 0.00000 0.00000 0.00000

transition: 6
0.61990 0.16109 0.10769 0.11132 0.00000 0.00000
0.00153 0.59393 0.24174 0.16280 0.00000 0.00000
0.00007 0.00681 0.29618 0.64637 0.02728 0.02329
0.00000 0.00072 0.18582 0.30361 0.38207 0.12778
0.00203 0.49451 0.00000 0.00000 0.15382 0.34965
0.00233 0.49936 0.00000 0.00000 0.07706 0.42125

observation: 6
0.42978 0.09731 0.01024 0.10351 0.00012 0.00000
0.35628 0.10072 0.00955 0.10496 0.00023 0.00000
0.18515 0.80196 0.49282 0.28497 0.00014 0.00000
0.02879 0.00000 0.48446 0.39867 0.00000 0.00000
0.00000 0.00000 0.00293 0.10790 0.00000 0.00000
0.00000 0.00000 0.00000 0.00000 0.99950 1.00000

======= iteration 52 =======
initial: 6
1.00000 0.00000 0.00000 0.00000 0.00000 0.00000

transition: 6
0.62042 0.16159 0.10657 0.11141 0.00000 0.00000
0.00135 0.59474 0.24064 0.16327 0.00000 0.00000
0.00006 0.00651 0.29500 0.64833 0.02702 0.02308
0.00000 0.00068 0.18857 0.29964 0.38301 0.12810
0.00178 0.49474 0.00000 0.00000 0.15380 0.34968
0.00202 0.49970 0.00000 0.00000 0.07705 0.42124

observation: 6
0.42973 0.09756 0.00991 0.10383 0.00010 0.00000
0.35627 0.10089 0.00922 0.10528 0.00020 0.00000
0.18491 0.80155 0.49137 0.28517 0.00012 0.00000
0.02910 0.00000 0.48657 0.39761 0.00000 0.00000
0.00000 0.00000 0.00293 0.10810 0.00000 0.00000
0.00000 0.00000 0.00000 0.00000 0.99958 1.00000

======= iteration 53 =======
initial: 6
1.00000 0.00000 0.00000 0.00000 0.00000 0.00000

transition: 6
0.62085 0.16208 0.10555 0.11153 0.00000 0.00000
0.00120 0.59546 0.23965 0.16369 0.00000 0.00000
0.00005 0.00623 0.29377 0.65028 0.02679 0.02288
0.00000 0.00065 0.19119 0.29591 0.38386 0.12838
0.00157 0.49493 0.00000 0.00000 0.15378 0.34972
0.00176 0.49998 0.00000 0.00000 0.07703 0.42123

observation: 6
0.42968 0.09777 0.00961 0.10412 0.00009 0.00000
0.35626 0.10104 0.00892 0.10559 0.00017 0.00000
0.18469 0.80119 0.49009 0.28535 0.00010 0.00000
0.02937 0.00000 0.48845 0.39666 0.00000 0.00000
0.00000 0.00000 0.00292 0.10828 0.00000 0.00000
0.00000 0.00000 0.00000 0.00000 0.99964 1.00000

======= iteration 54 =======
initial: 6
1.00000 0.00000 0.00000 0.00000 0.00000 0.00000

transition: 6
0.62119 0.16253 0.10461 0.11166 0.00000 0.00000
0.00107 0.59609 0.23876 0.16408 0.00000 0.00000
0.00004 0.00598 0.29251 0.65220 0.02658 0.02269
0.00000 0.00062 0.19368 0.29243 0.38463 0.12864
0.00139 0.49510 0.00000 0.00000 0.15376 0.34975
0.00154 0.50022 0.00000 0.00000 0.07702 0.42123

observation: 6
0.42964 0.09794 0.00933 0.10439 0.00007 0.00000
0.35624 0.10117 0.00864 0.10586 0.00015 0.00000
0.18451 0.80089 0.48895 0.28551 0.00009 0.00000
0.02961 0.00000 0.49014 0.39580 0.00000 0.00000
0.00000 0.00000 0.00292 0.10844 0.00000 0.00000
0.00000 0.00000 0.00000 0.00000 0.99969 1.00000

======= iteration 55 =======
initial: 6
1.00000 0.00000 0.00000 0.00000 0.00000 0.00000

transition: 6
0.62148 0.16296 0.10375 0.11182 0.00000 0.00000
0.00096 0.59665 0.23795 0.16444 0.00000 0.00000
0.00004 0.00574 0.29123 0.65409 0.02638 0.02253
0.00000 0.00059 0.19605 0.28919 0.38531 0.12887
0.00123 0.49524 0.00000 0.00000 0.15375 0.34977
0.00135 0.50042 0.00000 0.00000 0.07701 0.42122

observation: 6
0.42960 0.09810 0.00908 0.10463 0.00006 0.00000
0.35623 0.10128 0.00839 0.10612 0.00013 0.00000
0.18435 0.80062 0.48795 0.28564 0.00007 0.00000
0.02982 0.00000 0.49165 0.39503 0.00000 0.00000
0.00000 0.00000 0.00293 0.10858 0.00000 0.00000
0.00000 0.00000 0.00000 0.00000 0.99974 1.00000

======= iteration 56 =======
initial: 6
1.00000 0.00000 0.00000 0.00000 0.00000 0.00000

transition: 6
0.62171 0.16336 0.10296 0.11198 0.00000 0.00000
0.00086 0.59716 0.23722 0.16477 0.00000 0.00000
0.00003 0.00553 0.28992 0.65594 0.02621 0.02238
0.00000 0.00056 0.19828 0.28616 0.38592 0.12907
0.00110 0.49536 0.00000 0.00000 0.15374 0.34979
