initial: 6
0.20000 0.10000 0.20000 0.20000 0.20000 0.10000

transition: 6
0.30000 0.30000 0.10000 0.10000 0.10000 0.10000
0.10000 0.30000 0.30000 0.10000 0.10000 0.10000
0.10000 0.10000 0.30000 0.30000 0.10000 0.10000
0.10000 0.10000 0.10000 0.30000 0.30000 0.10000
0.10000 0.10000 0.10000 0.10000 0.30000 0.30000
0.30000 0.10000 0.10000 0.10000 0.10000 0.30000

observation: 6
0.20000 0.20000 0.10000 0.10000 0.10000 0.10000
0.20000 0.20000 0.20000 0.20000 0.10000 0.10000
0.20000 0.20000 0.20000 0.20000 0.20000 0.20000
0.20000 0.20000 0.20000 0.20000 0.20000 0.20000
0.10000 0.10000 0.20000 0.20000 0.20000 0.20000
0.10000 0.10000 0.10000 0.10000 0.20000 0.20000

======= iteration 0 =======
initial: 6
0.23364 0.11531 0.20362 0.19665 0.16425 0.08652

transition: 6
0.30249 0.30224 0.09989 0.09942 0.09784 0.09811
0.10090 0.30244 0.30039 0.09967 0.09817 0.09844
0.10219 0.10193 0.30094 0.29936 0.09754 0.09805
0.10290 0.10264 0.10086 0.30103 0.29405 0.09852
0.10168 0.10150 0.10047 0.10007 0.29768 0.29860
0.30292 0.10080 0.09991 0.09954 0.09900 0.29784

observation: 6
0.21640 0.22153 0.11095 0.11008 0.11303 0.11116
0.15051 0.15128 0.15290 0.15059 0.07476 0.07386
0.25718 0.25404 0.26015 0.26440 0.26789 0.26563
0.22179 0.21506 0.22266 0.22869 0.22917 0.22777
0.10080 0.10318 0.19875 0.19137 0.19750 0.20509
0.05331 0.05491 0.05459 0.05487 0.11764 0.11648

======= iteration 1 =======
initial: 6
0.26320 0.12804 0.20471 0.19320 0.13644 0.07441

transition: 6
0.30111 0.30196 0.10023 0.09967 0.09865 0.09839
0.10010 0.30117 0.30114 0.09982 0.09902 0.09875
0.10228 0.10201 0.30102 0.29972 0.09744 0.09753
0.10311 0.10289 0.10088 0.30138 0.29379 0.09796
0.10024 0.10025 0.09973 0.09948 0.30062 0.29967
0.29960 0.09985 0.09958 0.09939 0.10065 0.30092

observation: 6
0.21452 0.22468 0.11127 0.10963 0.11371 0.10995
0.15219 0.15376 0.15517 0.15026 0.07221 0.07060
0.25685 0.25050 0.25964 0.26784 0.26932 0.26509
0.22299 0.20961 0.22228 0.23395 0.22931 0.22693
0.10250 0.10747 0.19909 0.18504 0.19375 0.20826
0.05095 0.05397 0.05256 0.05328 0.12171 0.11917

======= iteration 2 =======
initial: 6
0.29302 0.13969 0.20407 0.18913 0.11151 0.06258

transition: 6
0.29992 0.30207 0.10052 0.09973 0.09926 0.09850
0.09936 0.30023 0.30187 0.09982 0.09973 0.09900
0.10246 0.10205 0.30110 0.30029 0.09724 0.09687
0.10338 0.10311 0.10087 0.30187 0.29346 0.09730
0.09864 0.09884 0.09884 0.09874 0.30396 0.30099
0.29613 0.09881 0.09916 0.09916 0.10245 0.30429

observation: 6
0.21259 0.22780 0.11133 0.10906 0.11463 0.10889
0.15417 0.15663 0.15757 0.14981 0.06926 0.06712
0.25690 0.24726 0.25922 0.27120 0.27028 0.26431
0.22471 0.20469 0.22235 0.23940 0.22840 0.22539
0.10330 0.11101 0.19950 0.17920 0.19074 0.21190
0.04833 0.05260 0.05003 0.05133 0.12669 0.12240

======= iteration 3 =======
initial: 6
0.32303 0.14997 0.20184 0.18442 0.08937 0.05137

transition: 6
0.29891 0.30256 0.10078 0.09963 0.09969 0.09844
0.09865 0.29956 0.30262 0.09968 0.10032 0.09917
0.10274 0.10203 0.30121 0.30110 0.09691 0.09601
0.10373 0.10334 0.10087 0.30249 0.29305 0.09652
0.09682 0.09725 0.09778 0.09780 0.30776 0.30259
0.29242 0.09766 0.09865 0.09887 0.10442 0.30798

observation: 6
0.21056 0.23091 0.11111 0.10841 0.11588 0.10798
0.15646 0.15994 0.16008 0.14918 0.06598 0.06342
0.25731 0.24427 0.25887 0.27453 0.27082 0.26324
0.22697 0.20024 0.22286 0.24511 0.22646 0.22314
0.10328 0.11386 0.20005 0.17370 0.18822 0.21610
0.04542 0.05078 0.04702 0.04906 0.13264 0.12611

======= iteration 4 =======
initial: 6
0.35320 0.15866 0.19808 0.17902 0.06998 0.04106

transition: 6
0.29806 0.30339 0.10102 0.09939 0.09995 0.09819
0.09797 0.29912 0.30346 0.09941 0.10080 0.09925
0.10312 0.10198 0.30138 0.30219 0.09641 0.09491
0.10416 0.10360 0.10087 0.30322 0.29254 0.09561
0.09473 0.09547 0.09653 0.09660 0.31215 0.30452
0.28844 0.09636 0.09805 0.09852 0.10661 0.31201

observation: 6
0.20833 0.23402 0.11061 0.10768 0.11753 0.10723
0.15904 0.16372 0.16267 0.14836 0.06240 0.05956
0.25808 0.24152 0.25855 0.27790 0.27099 0.26189
0.22983 0.19621 0.22378 0.25118 0.22349 0.22017
0.10254 0.11606 0.20083 0.16843 0.18597 0.22095
0.04218 0.04847 0.04357 0.04645 0.13962 0.13019

======= iteration 5 =======
initial: 6
0.38350 0.16558 0.19285 0.17286 0.05333 0.03187

transition: 6
0.29737 0.30458 0.10127 0.09904 0.10004 0.09771
0.09730 0.29888 0.30442 0.09902 0.10115 0.09922
0.10365 0.10188 0.30166 0.30358 0.09570 0.09353
0.10468 0.10390 0.10088 0.30408 0.29192 0.09453
0.09233 0.09346 0.09508 0.09511 0.31722 0.30681
0.28418 0.09492 0.09737 0.09811 0.10905 0.31637

observation: 6
0.20584 0.23715 0.10981 0.10688 0.11966 0.10665
0.16190 0.16801 0.16531 0.14729 0.05856 0.05555
0.25920 0.23897 0.25820 0.28135 0.27083 0.26028
0.23332 0.19253 0.22508 0.25769 0.21951 0.21649
0.10114 0.11766 0.20188 0.16328 0.18376 0.22654
0.03860 0.04567 0.03971 0.04352 0.14769 0.13448

======= iteration 6 =======
initial: 6
0.41397 0.17064 0.18615 0.16589 0.03940 0.02394

transition: 6
0.29688 0.30613 0.10154 0.09856 0.09992 0.09697
0.09665 0.29883 0.30560 0.09852 0.10135 0.09904
0.10432 0.10174 0.30207 0.30535 0.09472 0.09180
0.10529 0.10426 0.10092 0.30507 0.29120 0.09326
0.08956 0.09119 0.09340 0.09325 0.32310 0.30950
0.27967 0.09330 0.09664 0.09767 0.11174 0.32098

observation: 6
0.20298 0.24028 0.10869 0.10599 0.12238 0.10626
0.16503 0.17285 0.16796 0.14593 0.05451 0.05146
0.26065 0.23658 0.25779 0.28492 0.27037 0.25844
0.23747 0.18916 0.22673 0.26471 0.21450 0.21213
0.09916 0.11872 0.20330 0.15817 0.18139 0.23294
0.03471 0.04241 0.03555 0.04028 0.15684 0.13877

======= iteration 7 =======
initial: 6
0.44463 0.17382 0.17801 0.15808 0.02811 0.01736

transition: 6
0.29657 0.30810 0.10185 0.09799 0.09957 0.09593
0.09602 0.29897 0.30705 0.09791 0.10136 0.09868
0.10517 0.10155 0.30264 0.30755 0.09342 0.08967
0.10599 0.10469 0.10098 0.30618 0.29037 0.09179
0.08637 0.08865 0.09149 0.09098 0.32990 0.31262
0.27497 0.09152 0.09590 0.09723 0.11466 0.32571

observation: 6
0.19967 0.24341 0.10720 0.10499 0.12580 0.10610
0.16842 0.17824 0.17054 0.14423 0.05031 0.04733
0.26241 0.23431 0.25725 0.28863 0.26966 0.25642
0.24231 0.18603 0.22869 0.27234 0.20848 0.20712
0.09663 0.11927 0.20514 0.15304 0.17868 0.24023
0.03057 0.03874 0.03118 0.03677 0.16707 0.14279

======= iteration 8 =======
initial: 6
0.47553 0.17517 0.16844 0.14945 0.01929 0.01211

transition: 6
0.29648 0.31051 0.10222 0.09732 0.09894 0.09453
0.09539 0.29931 0.30888 0.09719 0.10114 0.09810
0.10623 0.10130 0.30336 0.31026 0.09175 0.08710
0.10678 0.10520 0.10106 0.30741 0.28947 0.09008
0.08273 0.08582 0.08935 0.08824 0.33770 0.31617
0.27025 0.08958 0.09520 0.09686 0.11778 0.33032

observation: 6
0.19579 0.24653 0.10531 0.10383 0.13004 0.10618
0.17203 0.18420 0.17299 0.14215 0.04601 0.04323
0.26445 0.23212 0.25653 0.29249 0.26874 0.25432
0.24786 0.18304 0.23091 0.28067 0.20146 0.20154
0.09359 0.11935 0.20752 0.14784 0.17545 0.24853
0.02627 0.03477 0.02674 0.03302 0.17830 0.14620

======= iteration 9 =======
initial: 6
0.50673 0.17485 0.15754 0.14008 0.01270 0.00811

transition: 6
0.29659 0.31342 0.10266 0.09656 0.09802 0.09274
0.09477 0.29983 0.31116 0.09636 0.10063 0.09726
0.10751 0.10097 0.30422 0.31357 0.08967 0.08406
0.10763 0.10577 0.10114 0.30876 0.28856 0.08813
0.07860 0.08269 0.08700 0.08498 0.34656 0.32016
0.26573 0.08750 0.09462 0.09663 0.12100 0.33451

observation: 6
0.19125 0.24962 0.10298 0.10244 0.13525 0.10652
0.17584 0.19072 0.17520 0.13962 0.04167 0.03922
0.26676 0.22996 0.25555 0.29650 0.26767 0.25223
0.25413 0.18011 0.23332 0.28978 0.19344 0.19547
0.09005 0.11897 0.21056 0.14253 0.17153 0.25794
0.02197 0.03062 0.02239 0.02913 0.19044 0.14863

======= iteration 10 =======
initial: 6
0.53827 0.17305 0.14540 0.13007 0.00800 0.00521

transition: 6
0.29689 0.31689 0.10318 0.09571 0.09678 0.09055
0.09413 0.30054 0.31399 0.09540 0.09979 0.09616
0.10902 0.10052 0.30516 0.31760 0.08716 0.08054
0.10852 0.10642 0.10119 0.31020 0.28775 0.08592
0.07399 0.07928 0.08450 0.08117 0.35650 0.32457
0.26171 0.08531 0.09426 0.09667 0.12419 0.33786

observation: 6
0.18594 0.25270 0.10018 0.10074 0.14157 0.10710
0.17981 0.19779 0.17704 0.13659 0.03736 0.03535
0.26929 0.22778 0.25427 0.30065 0.26648 0.25024
0.26112 0.17711 0.23582 0.29977 0.18445 0.18898
0.08602 0.11817 0.21441 0.13705 0.16677 0.26863
0.01782 0.02645 0.01828 0.02520 0.20337 0.14970

======= iteration 11 =======
initial: 6
0.57017 0.17003 0.13221 0.11958 0.00481 0.00321

transition: 6
0.29730 0.32098 0.10378 0.09478 0.09521 0.08795
0.09344 0.30143 0.31747 0.09430 0.09858 0.09477
0.11078 0.09991 0.30607 0.32248 0.08419 0.07656
0.10937 0.10712 0.10119 0.31168 0.28719 0.08346
0.06888 0.07559 0.08188 0.07677 0.36748 0.32939
0.25858 0.08304 0.09421 0.09715 0.12713 0.33989

observation: 6
0.17979 0.25578 0.09688 0.09863 0.14915 0.10788
0.18386 0.20539 0.17838 0.13300 0.03316 0.03170
0.27204 0.22556 0.25264 0.30491 0.26519 0.24841
0.26882 0.17391 0.23832 0.31074 0.17451 0.18215
0.08149 0.11693 0.21923 0.13137 0.16102 0.28080
0.01400 0.02243 0.01455 0.02134 0.21698 0.14905

======= iteration 12 =======
initial: 6
0.60233 0.16606 0.11816 0.10877 0.00277 0.00190

transition: 6
0.29772 0.32575 0.10444 0.09376 0.09335 0.08497
0.09267 0.30248 0.32167 0.09305 0.09699 0.09313
0.11279 0.09908 0.30680 0.32837 0.08081 0.07216
0.11012 0.10784 0.10106 0.31312 0.28712 0.08074
0.06331 0.07166 0.07923 0.07178 0.37942 0.33460
0.25679 0.08071 0.09458 0.09828 0.12957 0.34006

observation: 6
0.17277 0.25895 0.09308 0.09599 0.15809 0.10875
0.18793 0.21351 0.17909 0.12883 0.02913 0.02831
0.27501 0.22327 0.25063 0.30928 0.26380 0.24678
0.27722 0.17036 0.24067 0.32281 0.16364 0.17501
0.07644 0.11523 0.22524 0.12541 0.15415 0.29476
0.01063 0.01868 0.01129 0.01768 0.23119 0.14639

======= iteration 13 =======
initial: 6
0.63453 0.16148 0.10355 0.09784 0.00152 0.00108

transition: 6
0.29801 0.33127 0.10514 0.09265 0.09127 0.08167
0.09175 0.30366 0.32669 0.09160 0.09501 0.09128
0.11504 0.09796 0.30712 0.33546 0.07703 0.06740
0.11066 0.10855 0.10074 0.31441 0.28786 0.07778
0.05732 0.06750 0.07662 0.06620 0.39210 0.34025
0.25690 0.07833 0.09549 0.10030 0.13119 0.33779

observation: 6
0.16487 0.26233 0.08879 0.09273 0.16848 0.10954
0.19193 0.22215 0.17904 0.12404 0.02536 0.02523
0.27822 0.22088 0.24824 0.31376 0.26231 0.24528
0.28633 0.16632 0.24275 0.33610 0.15188 0.16752
0.07087 0.11302 0.23263 0.11905 0.14602 0.31096
0.00779 0.01531 0.00853 0.01432 0.24594 0.14148

======= iteration 14 =======
initial: 6
0.66631 0.15663 0.08872 0.08694 0.00081 0.00059

transition: 6
0.29795 0.33762 0.10585 0.09143 0.08904 0.07811
0.09062 0.30492 0.33262 0.08991 0.09265 0.08928
0.11754 0.09646 0.30676 0.34400 0.07291 0.06233
0.11086 0.10923 0.10013 0.31541 0.28979 0.07458
0.05099 0.06316 0.07414 0.06004 0.40521 0.34647
0.25953 0.07587 0.09699 0.10356 0.13159 0.33245

observation: 6
0.15614 0.26610 0.08407 0.08875 0.18038 0.11001
0.19570 0.23136 0.17815 0.11863 0.02190 0.02246
0.28176 0.21839 0.24551 0.31837 0.26070 0.24374
0.29615 0.16160 0.24438 0.35076 0.13929 0.15955
0.06475 0.11017 0.24160 0.11216 0.13653 0.33000
0.00550 0.01238 0.00629 0.01132 0.26120 0.13422

======= iteration 15 =======
initial: 6
0.69703 0.15191 0.07407 0.07626 0.00041 0.00031

transition: 6
0.29733 0.34492 0.10650 0.09009 0.08678 0.07438
0.08917 0.30624 0.33952 0.08790 0.08994 0.08723
0.12029 0.09450 0.30539 0.35430 0.06851 0.05702
0.11058 0.10985 0.09915 0.31593 0.29337 0.07113
0.04441 0.05866 0.07186 0.05334 0.41826 0.35347
0.26547 0.07326 0.09911 0.10848 0.13031 0.32337

observation: 6
0.14663 0.27049 0.07895 0.08398 0.19378 0.10989
0.19908 0.24123 0.17635 0.11263 0.01879 0.02004
0.28573 0.21581 0.24249 0.32318 0.25898 0.24188
0.30674 0.15605 0.24540 0.36693 0.12595 0.15087
0.05807 0.10653 0.25228 0.10456 0.12558 0.35273
0.00375 0.00990 0.00452 0.00873 0.27692 0.12460

======= iteration 16 =======
initial: 6
0.72582 0.14781 0.06006 0.06595 0.00020 0.00016

transition: 6
0.29590 0.35330 0.10702 0.08862 0.08461 0.07056
0.08732 0.30759 0.34747 0.08548 0.08690 0.08524
0.12328 0.09198 0.30261 0.36670 0.06387 0.05155
0.10967 0.11039 0.09771 0.31575 0.29905 0.06743
0.03772 0.05403 0.06985 0.04620 0.43057 0.36164
0.27560 0.07037 0.10174 0.11561 0.12687 0.30981

observation: 6
0.13641 0.27574 0.07351 0.07839 0.20866 0.10885
0.20179 0.25194 0.17369 0.10604 0.01607 0.01795
0.29029 0.21310 0.23926 0.32826 0.25717 0.23920
0.31819 0.14952 0.24560 0.38470 0.11195 0.14108
0.05086 0.10185 0.26478 0.09606 0.11312 0.38020
0.00247 0.00784 0.00316 0.00654 0.29302 0.11272

======= iteration 17 =======
initial: 6
0.75160 0.14494 0.04713 0.05616 0.00010 0.00008

transition: 6
0.29343 0.36289 0.10733 0.08701 0.08263 0.06671
0.08498 0.30894 0.35649 0.08253 0.08359 0.08346
0.12653 0.08884 0.29799 0.38157 0.05907 0.04600
0.10798 0.11088 0.09571 0.31465 0.30729 0.06349
0.03112 0.04930 0.06808 0.03875 0.44136 0.37139
0.29099 0.06697 0.10459 0.12566 0.12085 0.29093

observation: 6
0.12552 0.28207 0.06783 0.07198 0.22495 0.10662
0.20348 0.26371 0.17025 0.09893 0.01373 0.01619
0.29565 0.21027 0.23594 0.33372 0.25534 0.23496
0.33060 0.14191 0.24481 0.40404 0.09748 0.12970
0.04318 0.09588 0.27903 0.08657 0.09919 0.41367
0.00156 0.00616 0.00215 0.00476 0.30930 0.09886

======= iteration 18 =======
initial: 6
0.77316 0.14405 0.03568 0.04702 0.00005 0.00004

transition: 6
0.28976 0.37383 0.10729 0.08532 0.08090 0.06291
0.08206 0.31033 0.36645 0.07897 0.08009 0.08209
0.13001 0.08500 0.29111 0.39924 0.05419 0.04045
0.10540 0.11134 0.09313 0.31244 0.31833 0.05936
0.02481 0.04452 0.06642 0.03123 0.44995 0.38307
0.31275 0.06279 0.10710 0.13946 0.11203 0.26587

observation: 6
0.11398 0.28953 0.06201 0.06486 0.24249 0.10298
0.20369 0.27683 0.16626 0.09136 0.01177 0.01479
0.30207 0.20724 0.23265 0.33968 0.25363 0.22814
0.34406 0.13324 0.24287 0.42465 0.08278 0.11620
0.03525 0.08837 0.29480 0.07611 0.08398 0.45439
0.00095 0.00480 0.00141 0.00335 0.32534 0.08351

======= iteration 19 =======
initial: 6
0.78915 0.14612 0.02601 0.03867 0.00002 0.00002

transition: 6
0.28488 0.38609 0.10677 0.08361 0.07943 0.05921
0.07856 0.31185 0.37695 0.07475 0.07652 0.08137
0.13370 0.08047 0.28164 0.41980 0.04935 0.03504
0.10190 0.11177 0.09000 0.30909 0.33204 0.05519
0.01904 0.03977 0.06457 0.02401 0.45603 0.39657
0.34172 0.05753 0.10834 0.15782 0.10053 0.23406

observation: 6
0.10183 0.29786 0.05622 0.05723 0.26089 0.09790
0.20184 0.29161 0.16207 0.08345 0.01017 0.01377
0.30983 0.20392 0.22958 0.34624 0.25225 0.21745
0.35855 0.12368 0.23979 0.44579 0.06832 0.10032
0.02739 0.07923 0.31145 0.06502 0.06804 0.50319
0.00056 0.00370 0.00089 0.00227 0.34032 0.06738

======= iteration 20 =======
initial: 6
0.79815 0.15236 0.01825 0.03122 0.00001 0.00001

transition: 6
0.27902 0.39943 0.10563 0.08205 0.07811 0.05576
0.07457 0.31375 0.38711 0.06993 0.07307 0.08156
0.13753 0.07530 0.26953 0.44291 0.04477 0.02995
0.09755 0.11217 0.08647 0.30487 0.34768 0.05126
0.01407 0.03522 0.06211 0.01752 0.46009 0.41098
0.37790 0.05101 0.10712 0.18110 0.08704 0.19583

observation: 6
0.08922 0.30642 0.05069 0.04945 0.27929 0.09164
0.19742 0.30821 0.15818 0.07542 0.00890 0.01324
0.31917 0.20017 0.22687 0.35342 0.25161 0.20148
0.37376 0.11369 0.23581 0.46623 0.05480 0.08246
0.02012 0.06869 0.32791 0.05399 0.05241 0.55967
0.00032 0.00282 0.00054 0.00148 0.35299 0.05151

======= iteration 21 =======
initial: 6
0.79883 0.16407 0.01235 0.02474 0.00001 0.00000

transition: 6
0.27263 0.41320 0.10382 0.08091 0.07674 0.05272
0.07031 0.31647 0.39550 0.06480 0.07000 0.08292
0.14137 0.06972 0.25519 0.46760 0.04076 0.02537
0.09259 0.11241 0.08279 0.30044 0.36379 0.04798
0.01008 0.03110 0.05866 0.01220 0.46339 0.42457
0.41967 0.04337 0.10240 0.20848 0.07280 0.15328

observation: 6
0.07658 0.31430 0.04578 0.04203 0.29618 0.08487
0.19011 0.32641 0.15512 0.06759 0.00792 0.01337
0.33015 0.19577 0.22464 0.36103 0.25235 0.17934
0.38907 0.10398 0.23153 0.48444 0.04304 0.06392
0.01392 0.05743 0.34262 0.04396 0.03848 0.62140
0.00017 0.00212 0.00031 0.00095 0.36204 0.03710

======= iteration 22 =======
initial: 6
0.79028 0.18233 0.00810 0.01928 0.00000 0.00000

transition: 6
0.26638 0.42644 0.10137 0.08048 0.07506 0.05026
0.06612 0.32063 0.40044 0.05973 0.06754 0.08555
0.14499 0.06406 0.23955 0.49226 0.03767 0.02147
0.08730 0.11232 0.07924 0.29678 0.37858 0.04578
0.00709 0.02765 0.05414 0.00823 0.46741 0.43547
0.46351 0.03520 0.09393 0.23747 0.05937 0.11054

observation: 6
0.06450 0.32072 0.04187 0.03551 0.30970 0.07859
0.18009 0.34534 0.15323 0.06033 0.00716 0.01444
0.34246 0.19056 0.22286 0.36852 0.25524 0.15154
0.40371 0.09533 0.22783 0.49921 0.03366 0.04664
0.00914 0.04647 0.35403 0.03582 0.02741 0.68364
0.00010 0.00158 0.00018 0.00061 0.36683 0.02515

======= iteration 23 =======
initial: 6
0.77261 0.20735 0.00519 0.01485 0.00000 0.00000

transition: 6
0.26091 0.43819 0.09848 0.08106 0.07291 0.04845
0.06227 0.32670 0.40076 0.05510 0.06582 0.08935
0.14816 0.05875 0.22393 0.51501 0.03582 0.01833
0.08199 0.11172 0.07607 0.29474 0.39057 0.04491
0.00497 0.02498 0.04890 0.00549 0.47298 0.44268
0.50491 0.02738 0.08267 0.26429 0.04798 0.07279

observation: 6
0.05357 0.32555 0.03921 0.03024 0.31849 0.07378
0.16808 0.36354 0.15250 0.05400 0.00658 0.01680
0.35537 0.18458 0.22148 0.37508 0.26066 0.12071
0.41712 0.08835 0.22544 0.51021 0.02672 0.03229
0.00580 0.03680 0.36128 0.03007 0.01959 0.74035
0.00005 0.00118 0.00010 0.00040 0.36796 0.01606

======= iteration 24 =======
initial: 6
0.74749 0.23786 0.00328 0.01136 0.00000 0.00000

transition: 6
0.25662 0.44787 0.09539 0.08277 0.07021 0.04715
0.05894 0.33467 0.39645 0.05113 0.06477 0.09405
0.15062 0.05410 0.20963 0.53436 0.03536 0.01592
0.07681 0.11051 0.07335 0.29473 0.39921 0.04539
0.00350 0.02299 0.04341 0.00369 0.47978 0.44662
0.54023 0.02066 0.07050 0.28547 0.03913 0.04401

observation: 6
0.04411 0.32913 0.03784 0.02631 0.32249 0.07099
0.15519 0.37955 0.15234 0.04881 0.00609 0.02081
0.36794 0.17820 0.22049 0.37988 0.26814 0.09096
0.42907 0.08324 0.22454 0.51799 0.02183 0.02151
0.00366 0.02900 0.36472 0.02674 0.01456 0.78608
0.00003 0.00088 0.00006 0.00027 0.36689 0.00965

======= iteration 25 =======
initial: 6
0.71815 0.27110 0.00207 0.00868 0.00000 0.00000

transition: 6
0.25355 0.45541 0.09233 0.08564 0.06704 0.04604
0.05616 0.34390 0.38863 0.04782 0.06418 0.09930
0.15222 0.05026 0.19760 0.54956 0.03620 0.01416
0.07181 0.10873 0.07107 0.29655 0.40487 0.04696
0.00248 0.02142 0.03805 0.00251 0.48682 0.44873
0.56828 0.01539 0.05929 0.29932 0.03261 0.02510

observation: 6
0.03615 0.33190 0.03755 0.02357 0.32285 0.07017
0.14256 0.39246 0.15189 0.04482 0.00565 0.02659
0.37940 0.17203 0.22004 0.38248 0.27645 0.06590
0.43952 0.07985 0.22476 0.52338 0.01838 0.01400
0.00236 0.02312 0.36573 0.02556 0.01154 0.81794
0.00002 0.00065 0.00003 0.00019 0.36514 0.00540

======= iteration 26 =======
initial: 6
0.68843 0.30360 0.00130 0.00667 0.00000 0.00000

transition: 6
0.25150 0.46111 0.08948 0.08958 0.06353 0.04481
0.05385 0.35349 0.37892 0.04510 0.06381 0.10483
0.15291 0.04720 0.18815 0.56077 0.03806 0.01291
0.06698 0.10648 0.06919 0.29970 0.40839 0.04926
0.00177 0.01998 0.03297 0.00173 0.49310 0.45046
0.59022 0.01153 0.05006 0.30624 0.02790 0.01404

observation: 6
0.02956 0.33402 0.03804 0.02177 0.32116 0.07088
0.13105 0.40213 0.15036 0.04193 0.00520 0.03385
0.38936 0.16667 0.22033 0.38295 0.28436 0.04688
0.44843 0.07786 0.22549 0.52705 0.01584 0.00900
0.00159 0.01885 0.36576 0.02616 0.00979 0.83658
0.00001 0.00047 0.00002 0.00013 0.36363 0.00280

======= iteration 27 =======
initial: 6
0.66154 0.33248 0.00082 0.00515 0.00000 0.00000

transition: 6
0.25016 0.46533 0.08691 0.09449 0.05983 0.04328
0.05192 0.36263 0.36866 0.04284 0.06350 0.11045
0.15282 0.04478 0.18101 0.56880 0.04057 0.01202
0.06227 0.10387 0.06761 0.30360 0.41066 0.05198
0.00125 0.01849 0.02826 0.00120 0.49813 0.45266
0.60817 0.00881 0.04289 0.30774 0.02445 0.00795

observation: 6
0.02420 0.33548 0.03900 0.02066 0.31872 0.07258
0.12121 0.40901 0.14751 0.04002 0.00476 0.04190
0.39776 0.16245 0.22157 0.38169 0.29117 0.03325
0.45570 0.07694 0.22638 0.52940 0.01386 0.00577
0.00112 0.01578 0.36553 0.02814 0.00880 0.84516
0.00001 0.00033 0.00001 0.00010 0.36269 0.00135

======= iteration 28 =======
initial: 6
0.63919 0.35629 0.00052 0.00401 0.00000 0.00000

transition: 6
0.24922 0.46841 0.08461 0.10027 0.05608 0.04141
0.05030 0.37084 0.35864 0.04094 0.06315 0.11614
0.15212 0.04286 0.17564 0.57462 0.04340 0.01136
0.05766 0.10099 0.06624 0.30777 0.41243 0.05491
0.00088 0.01690 0.02397 0.00084 0.50188 0.45553
0.62390 0.00691 0.03738 0.30540 0.02179 0.00461

observation: 6
0.01988 0.33624 0.04023 0.02005 0.31633 0.07481
0.11320 0.41377 0.14352 0.03891 0.00431 0.04988
0.40473 0.15940 0.22383 0.37918 0.29661 0.02368
0.46136 0.07684 0.22735 0.53068 0.01220 0.00369
0.00082 0.01351 0.36506 0.03112 0.00822 0.84734
0.00000 0.00023 0.00000 0.00007 0.36232 0.00061

======= iteration 29 =======
initial: 6
0.62160 0.37494 0.00033 0.00313 0.00000 0.00000

transition: 6
0.24844 0.47059 0.08251 0.10683 0.05238 0.03925
0.04891 0.37798 0.34921 0.03931 0.06271 0.12188
0.15097 0.04132 0.17150 0.57909 0.04627 0.01085
0.05316 0.09793 0.06498 0.31184 0.41417 0.05792
0.00061 0.01524 0.02014 0.00059 0.50454 0.45889
0.63852 0.00557 0.03308 0.30046 0.01963 0.00275

observation: 6
0.01644 0.33632 0.04159 0.01981 0.31434 0.07727
0.10692 0.41702 0.13882 0.03847 0.00389 0.05717
0.41046 0.15739 0.22706 0.37582 0.30077 0.01696
0.46557 0.07734 0.22845 0.53109 0.01075 0.00235
0.00061 0.01177 0.36408 0.03476 0.00785 0.84599
0.00000 0.00016 0.00000 0.00005 0.36241 0.00026

======= iteration 30 =======
initial: 6
0.60814 0.38921 0.00021 0.00244 0.00000 0.00000

transition: 6
0.24765 0.47205 0.08053 0.11408 0.04879 0.03690
0.04769 0.38411 0.34044 0.03787 0.06216 0.12772
0.14951 0.04007 0.16819 0.58284 0.04897 0.01042
0.04880 0.09475 0.06375 0.31556 0.41614 0.06100
0.00043 0.01359 0.01679 0.00041 0.50635 0.46244
0.65255 0.00461 0.02960 0.29377 0.01779 0.00168

observation: 6
0.01370 0.33582 0.04300 0.01985 0.31286 0.07974
0.10211 0.41924 0.13375 0.03856 0.00349 0.06343
0.41514 0.15620 0.23117 0.37196 0.30381 0.01222
0.46859 0.07826 0.22976 0.53079 0.00945 0.00150
0.00046 0.01038 0.36232 0.03880 0.00756 0.84301
0.00000 0.00010 0.00000 0.00003 0.36283 0.00011

======= iteration 31 =======
initial: 6
0.59785 0.40012 0.00013 0.00190 0.00000 0.00000

transition: 6
0.24673 0.47291 0.07862 0.12194 0.04535 0.03446
0.04662 0.38938 0.33227 0.03658 0.06149 0.13367
0.14786 0.03903 0.16541 0.58625 0.05138 0.01006
0.04464 0.09153 0.06250 0.31873 0.41846 0.06414
0.00029 0.01202 0.01390 0.00029 0.50754 0.46596
0.66622 0.00390 0.02673 0.28592 0.01618 0.00104

observation: 6
0.01153 0.33484 0.04442 0.02013 0.31185 0.08207
0.09846 0.42072 0.12858 0.03908 0.00312 0.06860
0.41894 0.15566 0.23601 0.36781 0.30596 0.00886
0.47072 0.07949 0.23132 0.52992 0.00826 0.00096
0.00035 0.00922 0.35967 0.04303 0.00731 0.83947
0.00000 0.00007 0.00000 0.00002 0.36350 0.00004

======= iteration 32 =======
initial: 6
0.58983 0.40862 0.00008 0.00147 0.00000 0.00000

transition: 6
0.24561 0.47325 0.07673 0.13032 0.04208 0.03200
0.04565 0.39396 0.32459 0.03538 0.06069 0.13973
0.14608 0.03817 0.16301 0.58958 0.05342 0.00974
0.04070 0.08831 0.06121 0.32125 0.42116 0.06737
0.00020 0.01057 0.01145 0.00021 0.50831 0.46927
0.67959 0.00337 0.02429 0.27734 0.01475 0.00066

observation: 6
0.00980 0.33352 0.04581 0.02060 0.31121 0.08420
0.09567 0.42169 0.12348 0.03994 0.00280 0.07279
0.42202 0.15561 0.24146 0.36355 0.30743 0.00645
0.47224 0.08090 0.23316 0.52858 0.00718 0.00061
0.00026 0.00824 0.35609 0.04732 0.00705 0.83593
0.00000 0.00004 0.00000 0.00001 0.36433 0.00002

======= iteration 33 =======
initial: 6
0.58336 0.41547 0.00005 0.00112 0.00000 0.00000

transition: 6
0.24429 0.47311 0.07485 0.13914 0.03901 0.02960
0.04477 0.39803 0.31731 0.03424 0.05975 0.14590
0.14421 0.03743 0.16088 0.59297 0.05504 0.00947
0.03701 0.08515 0.05985 0.32306 0.42422 0.07071
0.00014 0.00926 0.00939 0.00014 0.50879 0.47228
0.69262 0.00296 0.02220 0.26832 0.01347 0.00042

observation: 6
0.00842 0.33196 0.04716 0.02125 0.31087 0.08608
0.09350 0.42225 0.11851 0.04106 0.00251 0.07616
0.42449 0.15595 0.24740 0.35930 0.30837 0.00471
0.47339 0.08243 0.23531 0.52681 0.00620 0.00039
0.00020 0.00738 0.35162 0.05156 0.00678 0.83265
0.00000 0.00003 0.00000 0.00001 0.36527 0.00001

======= iteration 34 =======
initial: 6
0.57790 0.42121 0.00003 0.00085 0.00000 0.00000

transition: 6
0.24277 0.47254 0.07295 0.14832 0.03614 0.02729
0.04396 0.40173 0.31034 0.03313 0.05869 0.15214
0.14227 0.03680 0.15897 0.59649 0.05623 0.00923
0.03360 0.08206 0.05841 0.32414 0.42762 0.07417
0.00009 0.00810 0.00767 0.00010 0.50908 0.47495
0.70527 0.00264 0.02038 0.25911 0.01233 0.00027

observation: 6
0.00731 0.33026 0.04846 0.02206 0.31072 0.08770
0.09176 0.42251 0.11372 0.04240 0.00226 0.07888
0.42645 0.15659 0.25373 0.35515 0.30893 0.00345
0.47433 0.08400 0.23778 0.52469 0.00531 0.00025
0.00015 0.00662 0.34631 0.05570 0.00650 0.82972
0.00000 0.00002 0.00000 0.00001 0.36627 0.00000

======= iteration 35 =======
initial: 6
0.57309 0.42624 0.00002 0.00064 0.00000 0.00000

transition: 6
0.24106 0.47158 0.07104 0.15775 0.03348 0.02510
0.04322 0.40518 0.30363 0.03205 0.05751 0.15842
0.14028 0.03625 0.15723 0.60021 0.05701 0.00903
0.03047 0.07906 0.05690 0.32452 0.43129 0.07776
0.00006 0.00709 0.00624 0.00007 0.50924 0.47730
0.71745 0.00238 0.01879 0.24988 0.01131 0.00018

observation: 6
0.00641 0.32848 0.04969 0.02302 0.31071 0.08906
0.09030 0.42252 0.10912 0.04391 0.00204 0.08109
0.42796 0.15747 0.26038 0.35114 0.30920 0.00254
0.47521 0.08556 0.24057 0.52223 0.00452 0.00016
0.00011 0.00595 0.34024 0.05970 0.00621 0.82716
0.00000 0.00001 0.00000 0.00000 0.36732 0.00000

======= iteration 36 =======
initial: 6
0.56870 0.43081 0.00001 0.00048 0.00000 0.00000

transition: 6
0.23920 0.47025 0.06912 0.16735 0.03103 0.02304
0.04253 0.40846 0.29715 0.03097 0.05621 0.16468
0.13824 0.03576 0.15564 0.60413 0.05738 0.00885
0.02763 0.07617 0.05531 0.32422 0.43517 0.08149
0.00004 0.00620 0.00507 0.00005 0.50931 0.47932
0.72912 0.00217 0.01740 0.24078 0.01041 0.00012

observation: 6
0.00569 0.32669 0.05085 0.02413 0.31078 0.09018
0.08903 0.42233 0.10469 0.04556 0.00185 0.08291
0.42909 0.15855 0.26728 0.34731 0.30926 0.00187
0.47611 0.08708 0.24370 0.51946 0.00381 0.00010
0.00009 0.00535 0.33348 0.06354 0.00591 0.82493
0.00000 0.00001 0.00000 0.00000 0.36840 0.00000

======= iteration 37 =======
initial: 6
0.56455 0.43508 0.00001 0.00035 0.00000 0.00000

transition: 6
0.23724 0.46861 0.06721 0.17703 0.02878 0.02114
0.04188 0.41164 0.29091 0.02990 0.05481 0.17087
0.13615 0.03533 0.15417 0.60827 0.05737 0.00870
0.02506 0.07340 0.05367 0.32332 0.43921 0.08534
0.00003 0.00544 0.00410 0.00004 0.50933 0.48107
0.74020 0.00200 0.01619 0.23193 0.00960 0.00008

observation: 6
0.00509 0.32490 0.05193 0.02537 0.31088 0.09110
0.08789 0.42198 0.10041 0.04731 0.00168 0.08445
0.42989 0.15980 0.27438 0.34368 0.30915 0.00139
0.47706 0.08851 0.24717 0.51642 0.00319 0.00006
0.00006 0.00480 0.32612 0.06721 0.00562 0.82300
0.00000 0.00000 0.00000 0.00000 0.36949 0.00000

======= iteration 38 =======
initial: 6
0.56057 0.43916 0.00001 0.00026 0.00000 0.00000

transition: 6
0.23521 0.46669 0.06531 0.18668 0.02673 0.01938
0.04129 0.41474 0.28490 0.02883 0.05331 0.17693
0.13401 0.03493 0.15283 0.61263 0.05702 0.00857
0.02275 0.07075 0.05199 0.32187 0.44335 0.08930
0.00002 0.00478 0.00331 0.00003 0.50930 0.48256
0.75065 0.00186 0.01513 0.22342 0.00888 0.00006

observation: 6
0.00461 0.32317 0.05290 0.02674 0.31100 0.09183
0.08684 0.42150 0.09627 0.04916 0.00153 0.08576
0.43041 0.16117 0.28162 0.34028 0.30891 0.00103
0.47810 0.08984 0.25098 0.51313 0.00265 0.00004
0.00005 0.00431 0.31823 0.07069 0.00532 0.82133
0.00000 0.00000 0.00000 0.00000 0.37059 0.00000

======= iteration 39 =======
initial: 6
0.55670 0.44311 0.00000 0.00019 0.00000 0.00000

transition: 6
0.23318 0.46453 0.06343 0.19623 0.02486 0.01777
0.04073 0.41780 0.27915 0.02776 0.05173 0.18283
0.13182 0.03456 0.15159 0.61720 0.05635 0.00846
0.02068 0.06821 0.05028 0.31996 0.44752 0.09334
0.00001 0.00421 0.00267 0.00002 0.50925 0.48384
0.76042 0.00174 0.01421 0.21535 0.00824 0.00004

observation: 6
0.00420 0.32149 0.05376 0.02824 0.31111 0.09241
0.08586 0.42092 0.09225 0.05107 0.00140 0.08690
0.43069 0.16266 0.28895 0.33709 0.30858 0.00077
0.47922 0.09105 0.25514 0.50963 0.00219 0.00003
0.00004 0.00387 0.30990 0.07398 0.00503 0.81989
0.00000 0.00000 0.00000 0.00000 0.37169 0.00000

======= iteration 40 =======
initial: 6
0.55292 0.44694 0.00000 0.00013 0.00000 0.00000

transition: 6
0.23117 0.46218 0.06159 0.20559 0.02316 0.01631
0.04021 0.42083 0.27367 0.02669 0.05008 0.18853
0.12958 0.03421 0.15045 0.62197 0.05541 0.00837
0.01884 0.06580 0.04857 0.31767 0.45168 0.09744
0.00001 0.00372 0.00214 0.00001 0.50918 0.48494
0.76949 0.00163 0.01341 0.20777 0.00767 0.00003

observation: 6
0.00386 0.31990 0.05448 0.02985 0.31120 0.09286
0.08493 0.42026 0.08832 0.05302 0.00129 0.08790
0.43077 0.16423 0.29633 0.33412 0.30817 0.00058
0.48041 0.09214 0.25964 0.50595 0.00179 0.00002
0.00003 0.00347 0.30123 0.07706 0.00475 0.81864
0.00000 0.00000 0.00000 0.00000 0.37279 0.00000

======= iteration 41 =======
initial: 6
0.54922 0.45069 0.00000 0.00009 0.00000 0.00000

transition: 6
0.22923 0.45969 0.05980 0.21467 0.02163 0.01498
0.03971 0.42384 0.26849 0.02563 0.04836 0.19397
0.12730 0.03387 0.14940 0.62691 0.05423 0.00829
0.01720 0.06351 0.04687 0.31508 0.45577 0.10157
0.00001 0.00329 0.00172 0.00001 0.50910 0.48588
0.77783 0.00155 0.01271 0.20073 0.00716 0.00002

observation: 6
0.00358 0.31839 0.05507 0.03157 0.31126 0.09320
0.08407 0.41954 0.08448 0.05501 0.00120 0.08880
0.43068 0.16586 0.30369 0.33137 0.30771 0.00043
0.48166 0.09310 0.26447 0.50212 0.00146 0.00001
0.00002 0.00311 0.29229 0.07994 0.00448 0.81756
0.00000 0.00000 0.00000 0.00000 0.37389 0.00000

======= iteration 42 =======
initial: 6
0.54560 0.45433 0.00000 0.00007 0.00000 0.00000

transition: 6
0.22740 0.45709 0.05808 0.22340 0.02024 0.01379
0.03925 0.42682 0.26362 0.02457 0.04660 0.19914
0.12496 0.03354 0.14843 0.63200 0.05286 0.00821
0.01575 0.06133 0.04520 0.31225 0.45976 0.10571
0.00000 0.00293 0.00137 0.00001 0.50900 0.48669
0.78545 0.00147 0.01210 0.19427 0.00670 0.00001

observation: 6
0.00334 0.31697 0.05550 0.03340 0.31129 0.09345
0.08325 0.41879 0.08071 0.05701 0.00111 0.08960
0.43046 0.16753 0.31098 0.32881 0.30722 0.00033
0.48293 0.09393 0.26962 0.49819 0.00118 0.00001
0.00002 0.00279 0.28318 0.08260 0.00422 0.81662
0.00000 0.00000 0.00000 0.00000 0.37499 0.00000

======= iteration 43 =======
initial: 6
0.54208 0.45787 0.00000 0.00005 0.00000 0.00000

transition: 6
0.22571 0.45443 0.05642 0.23173 0.01900 0.01271
0.03881 0.42976 0.25908 0.02353 0.04479 0.20402
0.12257 0.03321 0.14754 0.63722 0.05132 0.00814
0.01447 0.05926 0.04357 0.30928 0.46360 0.10982
0.00000 0.00261 0.00109 0.00001 0.50889 0.48740
0.79233 0.00141 0.01158 0.18840 0.00628 0.00001

observation: 6
0.00314 0.31564 0.05578 0.03531 0.31127 0.09363
0.08249 0.41801 0.07701 0.05900 0.00103 0.09032
0.43014 0.16922 0.31816 0.32645 0.30671 0.00025
0.48421 0.09464 0.27506 0.49419 0.00095 0.00000
0.00001 0.00250 0.27399 0.08504 0.00397 0.81580
0.00000 0.00000 0.00000 0.00000 0.37607 0.00000

======= iteration 44 =======
initial: 6
0.53867 0.46130 0.00000 0.00003 0.00000 0.00000

transition: 6
0.22418 0.45175 0.05484 0.23961 0.01788 0.01175
0.03839 0.43267 0.25488 0.02250 0.04297 0.20859
0.12015 0.03287 0.14673 0.64253 0.04965 0.00807
0.01333 0.05731 0.04200 0.30621 0.46728 0.11388
0.00000 0.00233 0.00087 0.00000 0.50877 0.48803
0.79849 0.00136 0.01113 0.18312 0.00589 0.00001

observation: 6
0.00297 0.31439 0.05589 0.03732 0.31121 0.09374
0.08179 0.41722 0.07338 0.06098 0.00096 0.09097
0.42976 0.17091 0.32516 0.32427 0.30619 0.00019
0.48548 0.09525 0.28076 0.49017 0.00076 0.00000
0.00001 0.00223 0.26481 0.08727 0.00373 0.81509
0.00000 0.00000 0.00000 0.00000 0.37714 0.00000

======= iteration 45 =======
initial: 6
0.53538 0.46460 0.00000 0.00002 0.00000 0.00000

transition: 6
0.22283 0.44907 0.05335 0.24700 0.01687 0.01088
0.03798 0.43554 0.25100 0.02149 0.04113 0.21286
0.11769 0.03251 0.14599 0.64791 0.04789 0.00800
0.01233 0.05546 0.04050 0.30310 0.47077 0.11785
0.00000 0.00209 0.00069 0.00000 0.50863 0.48858
0.80395 0.00131 0.01075 0.17844 0.00554 0.00001

observation: 6
0.00281 0.31323 0.05583 0.03940 0.31111 0.09381
0.08114 0.41643 0.06981 0.06292 0.00090 0.09156
0.42933 0.17259 0.33196 0.32225 0.30569 0.00015
0.48671 0.09576 0.28668 0.48616 0.00061 0.00000
0.00001 0.00199 0.25572 0.08928 0.00350 0.81448
0.00000 0.00000 0.00000 0.00000 0.37819 0.00000

======= iteration 46 =======
initial: 6
0.53222 0.46777 0.00000 0.00002 0.00000 0.00000

transition: 6
0.22167 0.44643 0.05194 0.25389 0.01596 0.01011
0.03759 0.43835 0.24746 0.02051 0.03929 0.21681
0.11521 0.03214 0.14532 0.65332 0.04607 0.00793
0.01144 0.05370 0.03907 0.30000 0.47407 0.12171
0.00000 0.00188 0.00054 0.00000 0.50849 0.48909
0.80874 0.00127 0.01042 0.17434 0.00522 0.00000

observation: 6
0.00268 0.31215 0.05561 0.04154 0.31096 0.09384
0.08055 0.41566 0.06632 0.06481 0.00085 0.09209
0.42887 0.17423 0.33849 0.32038 0.30520 0.00011
0.48789 0.09619 0.29279 0.48218 0.00048 0.00000
0.00001 0.00178 0.24678 0.09108 0.00329 0.81396
0.00000 0.00000 0.00000 0.00000 0.37923 0.00000

======= iteration 47 =======
initial: 6
0.52920 0.47079 0.00000 0.00001 0.00000 0.00000

transition: 6
0.22071 0.44384 0.05062 0.26026 0.01515 0.00942
0.03719 0.44111 0.24423 0.01955 0.03746 0.22046
0.11271 0.03176 0.14473 0.65873 0.04422 0.00786
0.01065 0.05204 0.03773 0.29696 0.47717 0.12546
0.00000 0.00169 0.00043 0.00000 0.50833 0.48954
0.81291 0.00124 0.01014 0.17079 0.00492 0.00000

observation: 6
0.00256 0.31114 0.05523 0.04375 0.31077 0.09384
0.08002 0.41491 0.06292 0.06666 0.00080 0.09256
0.42841 0.17582 0.34475 0.31865 0.30473 0.00009
0.48900 0.09654 0.29904 0.47827 0.00038 0.00000
0.00000 0.00159 0.23807 0.09267 0.00309 0.81351
0.00000 0.00000 0.00000 0.00000 0.38024 0.00000

======= iteration 48 =======
initial: 6
0.52632 0.47367 0.00000 0.00001 0.00000 0.00000

transition: 6
0.21995 0.44133 0.04939 0.26611 0.01441 0.00880
0.03681 0.44380 0.24130 0.01862 0.03565 0.22382
0.11019 0.03135 0.14421 0.66412 0.04235 0.00778
0.00995 0.05047 0.03646 0.29399 0.48007 0.12906
0.00000 0.00153 0.00034 0.00000 0.50816 0.48997
0.81648 0.00121 0.00990 0.16776 0.00464 0.00000

observation: 6
0.00246 0.31020 0.05470 0.04600 0.31053 0.09381
0.07953 0.41419 0.05960 0.06843 0.00075 0.09299
0.42796 0.17736 0.35069 0.31705 0.30430 0.00007
0.49004 0.09684 0.30539 0.47445 0.00030 0.00000
0.00000 0.00141 0.22962 0.09407 0.00289 0.81313
0.00000 0.00000 0.00000 0.00000 0.38123 0.00000

======= iteration 49 =======
initial: 6
0.52361 0.47639 0.00000 0.00000 0.00000 0.00000

transition: 6
0.21938 0.43890 0.04825 0.27147 0.01374 0.00825
0.03642 0.44643 0.23865 0.01772 0.03388 0.22691
0.10767 0.03092 0.14378 0.66944 0.04049 0.00770
0.00933 0.04899 0.03528 0.29112 0.48278 0.13251
0.00000 0.00139 0.00026 0.00000 0.50798 0.49037
0.81951 0.00118 0.00971 0.16522 0.00438 0.00000

observation: 6
0.00236 0.30932 0.05402 0.04828 0.31026 0.09377
0.07910 0.41351 0.05639 0.07014 0.00071 0.09336
0.42752 0.17882 0.35631 0.31556 0.30390 0.00005
0.49101 0.09709 0.31180 0.47073 0.00024 0.00000
0.00000 0.00126 0.22148 0.09529 0.00271 0.81281
0.00000 0.00000 0.00000 0.00000 0.38218 0.00000

======= iteration 50 =======
initial: 6
0.52104 0.47896 0.00000 0.00000 0.00000 0.00000

transition: 6
0.21900 0.43657 0.04719 0.27634 0.01314 0.00776
0.03602 0.44898 0.23626 0.01686 0.03214 0.22973
0.10516 0.03047 0.14342 0.67468 0.03865 0.00762
0.00877 0.04758 0.03418 0.28837 0.48530 0.13581
0.00000 0.00126 0.00020 0.00000 0.50779 0.49075
0.82205 0.00115 0.00954 0.16312 0.00413 0.00000

observation: 6
0.00227 0.30849 0.05322 0.05058 0.30995 0.09372
0.07872 0.41286 0.05328 0.07177 0.00067 0.09370
0.42711 0.18022 0.36161 0.31417 0.30355 0.00004
0.49190 0.09730 0.31822 0.46713 0.00019 0.00000
0.00000 0.00112 0.21367 0.09635 0.00254 0.81254
0.00000 0.00000 0.00000 0.00000 0.38311 0.00000

======= iteration 51 =======
initial: 6
0.51862 0.48137 0.00000 0.00000 0.00000 0.00000

transition: 6
0.21879 0.43434 0.04620 0.28075 0.01259 0.00733
0.03562 0.45146 0.23412 0.01602 0.03046 0.23232
0.10266 0.03000 0.14314 0.67981 0.03686 0.00754
0.00827 0.04624 0.03315 0.28574 0.48765 0.13895
0.00000 0.00114 0.00016 0.00000 0.50759 0.49111
0.82413 0.00113 0.00941 0.16142 0.00390 0.00000

observation: 6
0.00219 0.30772 0.05231 0.05288 0.30961 0.09366
0.07838 0.41226 0.05030 0.07333 0.00063 0.09399
0.42673 0.18153 0.36658 0.31287 0.30323 0.00003
0.49270 0.09748 0.32461 0.46366 0.00015 0.00000
0.00000 0.00100 0.20620 0.09725 0.00238 0.81232
0.00000 0.00000 0.00000 0.00000 0.38401 0.00000

======= iteration 52 =======
initial: 6
0.51636 0.48364 0.00000 0.00000 0.00000 0.00000

transition: 6
0.21875 0.43221 0.04529 0.28473 0.01208 0.00694
0.03522 0.45386 0.23219 0.01523 0.02883 0.23469
0.10018 0.02950 0.14294 0.68481 0.03511 0.00746
0.00782 0.04496 0.03220 0.28324 0.48983 0.14194
0.00000 0.00104 0.00012 0.00000 0.50738 0.49146
0.82582 0.00111 0.00930 0.16009 0.00368 0.00000

observation: 6
0.00211 0.30699 0.05131 0.05518 0.30924 0.09360
0.07807 0.41170 0.04744 0.07480 0.00059 0.09424
0.42637 0.18277 0.37123 0.31166 0.30295 0.00003
0.49344 0.09764 0.33093 0.46033 0.00011 0.00000
0.00000 0.00089 0.19909 0.09802 0.00223 0.81213
0.00000 0.00000 0.00000 0.00000 0.38487 0.00000

======= iteration 53 =======
initial: 6
0.51424 0.48576 0.00000 0.00000 0.00000 0.00000

transition: 6
0.21886 0.43019 0.04444 0.28831 0.01162 0.00658
0.03481 0.45617 0.23045 0.01447 0.02725 0.23685
0.09773 0.02899 0.14283 0.68966 0.03342 0.00737
0.00742 0.04375 0.03133 0.28087 0.49186 0.14478
0.00000 0.00095 0.00009 0.00000 0.50716 0.49180
0.82716 0.00109 0.00922 0.15907 0.00346 0.00000

observation: 6
0.00204 0.30631 0.05022 0.05746 0.30885 0.09354
0.07781 0.41119 0.04471 0.07620 0.00056 0.09446
0.42605 0.18392 0.37558 0.31053 0.30272 0.00002
0.49410 0.09778 0.33715 0.45714 0.00009 0.00000
0.00000 0.00079 0.19234 0.09867 0.00209 0.81198
0.00000 0.00000 0.00000 0.00000 0.38569 0.00000

======= iteration 54 =======
initial: 6
0.51226 0.48774 0.00000 0.00000 0.00000 0.00000

transition: 6
0.21910 0.42826 0.04366 0.29151 0.01119 0.00627
0.03438 0.45840 0.22889 0.01374 0.02574 0.23883
0.09531 0.02846 0.14280 0.69435 0.03179 0.00728
0.00705 0.04259 0.03051 0.27863 0.49375 0.14747
0.00000 0.00087 0.00007 0.00000 0.50694 0.49213
0.82819 0.00107 0.00915 0.15833 0.00326 0.00000

observation: 6
0.00196 0.30567 0.04907 0.05971 0.30845 0.09348
0.07757 0.41071 0.04211 0.07752 0.00053 0.09465
0.42577 0.18499 0.37964 0.30948 0.30251 0.00002
0.49470 0.09791 0.34324 0.45409 0.00007 0.00000
0.00000 0.00071 0.18593 0.09920 0.00196 0.81185
0.00000 0.00000 0.00000 0.00000 0.38648 0.00000

======= iteration 55 =======
initial: 6
0.51041 0.48959 0.00000 0.00000 0.00000 0.00000

transition: 6
0.21946 0.42644 0.04293 0.29438 0.01079 0.00599
0.03395 0.46055 0.22749 0.01305 0.02430 0.24065
0.09293 0.02792 0.14285 0.69888 0.03023 0.00719
0.00672 0.04149 0.02976 0.27652 0.49551 0.15002
0.00000 0.00079 0.00005 0.00000 0.50671 0.49244
0.82895 0.00106 0.00910 0.15783 0.00306 0.00000

observation: 6
0.00189 0.30507 0.04787 0.06191 0.30803 0.09343
0.07736 0.41027 0.03965 0.07876 0.00050 0.09481
0.42551 0.18599 0.38343 0.30849 0.30234 0.00001
0.49524 0.09804 0.34918 0.45119 0.00005 0.00000
0.00000 0.00063 0.17987 0.09965 0.00183 0.81175
0.00000 0.00000 0.00000 0.00000 0.38724 0.00000

======= iteration 56 =======
initial: 6
0.50870 0.49130 0.00000 0.00000 0.00000 0.00000

transition: 6
0.21993 0.42472 0.04226 0.29694 0.01042 0.00573
0.03351 0.46261 0.22623 0.01240 0.02293 0.24233
0.09059 0.02737 0.14298 0.70322 0.02874 0.00711
0.00641 0.04043 0.02906 0.27452 0.49715 0.15243
0.00000 0.00073 0.00004 0.00000 0.50648 0.49275
