initial: 6
0.20000 0.10000 0.20000 0.20000 0.20000 0.10000

transition: 6
0.30000 0.30000 0.10000 0.10000 0.10000 0.10000
0.10000 0.30000 0.30000 0.10000 0.10000 0.10000
0.10000 0.10000 0.30000 0.30000 0.10000 0.10000
0.10000 0.10000 0.10000 0.30000 0.30000 0.10000
0.10000 0.10000 0.10000 0.10000 0.30000 0.30000
0.30000 0.10000 0.10000 0.10000 0.10000 0.30000

observation: 6
0.20000 0.20000 0.10000 0.10000 0.10000 0.10000
0.20000 0.20000 0.20000 0.20000 0.10000 0.10000
0.20000 0.20000 0.20000 0.20000 0.20000 0.20000
0.20000 0.20000 0.20000 0.20000 0.20000 0.20000
0.10000 0.10000 0.20000 0.20000 0.20000 0.20000
0.10000 0.10000 0.10000 0.10000 0.20000 0.20000

======= iteration 0 =======
initial: 6
0.31388 0.14414 0.15781 0.15443 0.14749 0.08226

transition: 6
0.34707 0.32544 0.08404 0.08291 0.07724 0.08329
0.12359 0.34768 0.26939 0.08852 0.08215 0.08867
0.12947 0.12153 0.28455 0.28103 0.08838 0.09504
0.13090 0.12289 0.09602 0.28460 0.26918 0.09642
0.12849 0.12070 0.09492 0.09408 0.27159 0.29022
0.35724 0.11188 0.08815 0.08741 0.08456 0.27076

observation: 6
0.38318 0.37619 0.23137 0.22667 0.23595 0.23651
0.16308 0.16658 0.19894 0.19582 0.10433 0.10557
0.23228 0.23665 0.29515 0.29968 0.31676 0.30959
0.18783 0.18949 0.22841 0.22597 0.23591 0.24290
0.00523 0.00500 0.01250 0.01362 0.01549 0.01532
0.02841 0.02609 0.03363 0.03823 0.09155 0.09011

======= iteration 1 =======
initial: 6
0.38051 0.16938 0.13313 0.12737 0.12063 0.06898

transition: 6
0.34882 0.32693 0.08414 0.08277 0.07590 0.08144
0.12443 0.35001 0.27033 0.08845 0.08033 0.08645
0.12901 0.12121 0.28541 0.28175 0.08839 0.09424
0.12984 0.12201 0.09612 0.28522 0.27084 0.09598
0.12456 0.11706 0.09360 0.09356 0.27898 0.29224
0.34952 0.10949 0.08779 0.08789 0.08835 0.27696

observation: 6
0.39563 0.38008 0.23239 0.22183 0.22419 0.22748
0.16280 0.17043 0.19970 0.19306 0.10225 0.10479
0.22375 0.23287 0.29905 0.30925 0.32304 0.30737
0.18857 0.19221 0.22970 0.22480 0.22953 0.24373
0.00485 0.00437 0.01134 0.01374 0.01698 0.01653
0.02440 0.02004 0.02782 0.03732 0.10401 0.10010

======= iteration 2 =======
initial: 6
0.45139 0.19209 0.10944 0.10080 0.09214 0.05414

transition: 6
0.35181 0.32955 0.08412 0.08219 0.07365 0.07868
0.12582 0.35403 0.27145 0.08799 0.07747 0.08324
0.12903 0.12139 0.28681 0.28229 0.08777 0.09270
0.12892 0.12131 0.09629 0.28593 0.27236 0.09520
0.11939 0.11218 0.09132 0.09258 0.28974 0.29479
0.33989 0.10637 0.08678 0.08824 0.09372 0.28500

observation: 6
0.41205 0.38590 0.23202 0.21455 0.20852 0.21669
0.16199 0.17443 0.20123 0.19069 0.09966 0.10367
0.21355 0.22765 0.30406 0.32172 0.33048 0.30489
0.18860 0.19450 0.23147 0.22415 0.22329 0.24533
0.00436 0.00366 0.00997 0.01375 0.01889 0.01804
0.01944 0.01387 0.02125 0.03514 0.11916 0.11139

======= iteration 3 =======
initial: 6
0.52267 0.20931 0.08729 0.07627 0.06504 0.03942

transition: 6
0.35657 0.33363 0.08402 0.08101 0.07006 0.07471
0.12794 0.36009 0.27289 0.08704 0.07322 0.07882
0.12973 0.12226 0.28917 0.28254 0.08614 0.09015
0.12838 0.12103 0.09673 0.28692 0.27308 0.09386
0.11291 0.10599 0.08791 0.09094 0.30471 0.29754
0.32848 0.10257 0.08499 0.08825 0.10102 0.29468

observation: 6
0.43201 0.39297 0.23027 0.20518 0.18948 0.20445
0.16066 0.17857 0.20334 0.18859 0.09653 0.10230
0.20162 0.22073 0.30990 0.33762 0.33941 0.30241
0.18797 0.19642 0.23349 0.22389 0.21705 0.24808
0.00375 0.00290 0.00838 0.01353 0.02130 0.01987
0.01399 0.00842 0.01462 0.03119 0.13624 0.12289

======= iteration 4 =======
initial: 6
0.58929 0.21840 0.06768 0.05560 0.04246 0.02657

transition: 6
0.36350 0.33927 0.08384 0.07914 0.06485 0.06941
0.13091 0.36823 0.27474 0.08554 0.06742 0.07315
0.13127 0.12391 0.29278 0.28251 0.08314 0.08640
0.12851 0.12138 0.09766 0.28860 0.27206 0.09180
0.10530 0.09869 0.08337 0.08846 0.32433 0.29985
0.31600 0.09832 0.08244 0.08766 0.11037 0.30520

observation: 6
0.45436 0.40026 0.22709 0.19410 0.16809 0.19122
0.15875 0.18286 0.20575 0.18648 0.09285 0.10081
0.18811 0.21206 0.31611 0.35727 0.35025 0.30035
0.18682 0.19824 0.23550 0.22367 0.21060 0.25243
0.00307 0.00216 0.00668 0.01294 0.02420 0.02203
0.00889 0.00441 0.00887 0.02554 0.15401 0.13317

======= iteration 5 =======
initial: 6
0.64718 0.21843 0.05154 0.03992 0.02616 0.01676

transition: 6
0.37258 0.34617 0.08358 0.07663 0.05810 0.06293
0.13473 0.37807 0.27693 0.08357 0.06026 0.06645
0.13365 0.12621 0.29767 0.28238 0.07862 0.08147
0.12943 0.12243 0.09926 0.29159 0.26839 0.08890
0.09693 0.09064 0.07789 0.08503 0.34853 0.30098
0.30369 0.09403 0.07933 0.08626 0.12144 0.31526

observation: 6
0.47751 0.40676 0.22257 0.18177 0.14561 0.17757
0.15629 0.18739 0.20814 0.18390 0.08865 0.09932
0.17346 0.20188 0.32223 0.38058 0.36314 0.29898
0.18542 0.20046 0.23732 0.22289 0.20354 0.25863
0.00239 0.00152 0.00502 0.01189 0.02753 0.02444
0.00492 0.00200 0.00472 0.01898 0.17152 0.14107

======= iteration 6 =======
initial: 6
0.69488 0.21066 0.03929 0.02923 0.01581 0.01013

transition: 6
0.38322 0.35378 0.08323 0.07368 0.05034 0.05575
0.13918 0.38897 0.27923 0.08127 0.05222 0.05912
0.13670 0.12894 0.30358 0.28247 0.07273 0.07557
0.13101 0.12402 0.10156 0.29657 0.26163 0.08521
0.08826 0.08220 0.07173 0.08068 0.37687 0.30026
0.29296 0.09006 0.07590 0.08398 0.13359 0.32350

observation: 6
0.49980 0.41161 0.21693 0.16861 0.12335 0.16406
0.15337 0.19221 0.21030 0.18032 0.08396 0.09787
0.15849 0.19072 0.32806 0.40705 0.37760 0.29825
0.18417 0.20364 0.23893 0.22086 0.19527 0.26668
0.00178 0.00103 0.00357 0.01044 0.03115 0.02702
0.00239 0.00079 0.00221 0.01271 0.18867 0.14613

======= iteration 7 =======
initial: 6
0.73317 0.19757 0.03065 0.02271 0.00986 0.00605

transition: 6
0.39436 0.36157 0.08279 0.07053 0.04230 0.04845
0.14393 0.40030 0.28143 0.07877 0.04393 0.05164
0.14012 0.13187 0.31009 0.28303 0.06580 0.06907
0.13294 0.12584 0.10445 0.30410 0.25180 0.08087
0.07976 0.07376 0.06510 0.07552 0.40866 0.29721
0.28511 0.08678 0.07240 0.08094 0.14591 0.32885

observation: 6
0.51992 0.41416 0.21050 0.15515 0.10251 0.15132
0.15012 0.19735 0.21207 0.17531 0.07893 0.09650
0.14415 0.17929 0.33376 0.43611 0.39218 0.29766
0.18347 0.20822 0.24032 0.21698 0.18533 0.27640
0.00131 0.00069 0.00243 0.00877 0.03488 0.02971
0.00103 0.00028 0.00093 0.00768 0.20619 0.14842

======= iteration 8 =======
initial: 6
0.76372 0.18163 0.02497 0.01936 0.00664 0.00368

transition: 6
0.40484 0.36917 0.08233 0.06742 0.03469 0.04155
0.14854 0.41149 0.28335 0.07621 0.03596 0.04446
0.14360 0.13480 0.31681 0.28421 0.05825 0.06234
0.13481 0.12758 0.10775 0.31453 0.23920 0.07612
0.07186 0.06569 0.05825 0.06969 0.44287 0.29164
0.28124 0.08447 0.06901 0.07726 0.15731 0.33073

observation: 6
0.53708 0.41406 0.20360 0.14189 0.08415 0.14004
0.14669 0.20270 0.21328 0.16859 0.07390 0.09526
0.13134 0.16833 0.33981 0.46730 0.40449 0.29632
0.18351 0.21435 0.24132 0.21088 0.17373 0.28763
0.00097 0.00047 0.00162 0.00712 0.03855 0.03254
0.00041 0.00009 0.00036 0.00422 0.22518 0.14821

======= iteration 9 =======
initial: 6
0.78813 0.16452 0.02154 0.01853 0.00496 0.00233

transition: 6
0.41365 0.37644 0.08193 0.06457 0.02796 0.03544
0.15261 0.42216 0.28494 0.07365 0.02873 0.03790
0.14678 0.13755 0.32342 0.28604 0.05046 0.05574
0.13625 0.12894 0.11129 0.32817 0.22412 0.07123
0.06500 0.05837 0.05143 0.06334 0.47806 0.28381
0.28217 0.08336 0.06582 0.07301 0.16656 0.32908

observation: 6
0.55108 0.41135 0.19656 0.12925 0.06895 0.13082
0.14318 0.20809 0.21377 0.16001 0.06940 0.09425
0.12060 0.15840 0.34690 0.50052 0.41151 0.29299
0.18424 0.22181 0.24155 0.20240 0.16124 0.30048
0.00075 0.00033 0.00109 0.00568 0.04211 0.03567
0.00016 0.00003 0.00013 0.00214 0.24679 0.14579

======= iteration 10 =======
initial: 6
0.80751 0.14709 0.01976 0.02001 0.00409 0.00154

transition: 6
0.42022 0.38341 0.08169 0.06210 0.02229 0.03028
0.15590 0.43212 0.28621 0.07116 0.02246 0.03214
0.14939 0.13994 0.32973 0.28861 0.04277 0.04956
0.13688 0.12960 0.11493 0.34543 0.20673 0.06644
0.05949 0.05203 0.04486 0.05660 0.51261 0.27441
0.28840 0.08355 0.06283 0.06821 0.17256 0.32445

observation: 6
0.56233 0.40647 0.18961 0.11744 0.05710 0.12403
0.13966 0.21340 0.21340 0.14955 0.06598 0.09351
0.11197 0.14972 0.35569 0.53589 0.40997 0.28619
0.18535 0.23016 0.24050 0.19157 0.14922 0.31537
0.00063 0.00025 0.00075 0.00454 0.04560 0.03935
0.00006 0.00001 0.00005 0.00101 0.27212 0.14155

======= iteration 11 =======
initial: 6
0.82247 0.12960 0.01920 0.02409 0.00359 0.00104

transition: 6
0.42444 0.39013 0.08164 0.06004 0.01766 0.02609
0.15834 0.44136 0.28711 0.06875 0.01721 0.02724
0.15120 0.14181 0.33552 0.29203 0.03544 0.04400
0.13635 0.12921 0.11849 0.36683 0.18714 0.06197
0.05544 0.04675 0.03865 0.04953 0.54521 0.26441
0.29995 0.08501 0.05991 0.06273 0.17464 0.31776

observation: 6
0.57162 0.40012 0.18301 0.10648 0.04835 0.11970
0.13621 0.21864 0.21219 0.13731 0.06416 0.09303
0.10507 0.14209 0.36645 0.57345 0.39686 0.27447
0.18651 0.23895 0.23780 0.17862 0.13913 0.33297
0.00057 0.00021 0.00054 0.00368 0.04918 0.04390
0.00002 0.00000 0.00002 0.00046 0.30233 0.13594

======= iteration 12 =======
initial: 6
0.83311 0.11208 0.01948 0.03150 0.00312 0.00070

transition: 6
0.42659 0.39667 0.08173 0.05833 0.01392 0.02277
0.16006 0.45003 0.28745 0.06637 0.01292 0.02316
0.15220 0.14306 0.34049 0.29635 0.02871 0.03919
0.13440 0.12743 0.12170 0.39278 0.16567 0.05801
0.05282 0.04243 0.03275 0.04206 0.57540 0.25454
0.31636 0.08753 0.05682 0.05644 0.17284 0.31001

observation: 6
0.57984 0.39306 0.17704 0.09635 0.04220 0.11764
0.13291 0.22392 0.21040 0.12364 0.06429 0.09270
0.09921 0.13494 0.37872 0.61267 0.36996 0.25681
0.18747 0.24789 0.23344 0.16407 0.13209 0.35389
0.00056 0.00018 0.00041 0.00307 0.05300 0.04954
0.00001 0.00000 0.00001 0.00020 0.33847 0.12942

======= iteration 13 =======
initial: 6
0.83918 0.09457 0.02017 0.04315 0.00247 0.00045

transition: 6
0.42707 0.40304 0.08183 0.05687 0.01097 0.02023
0.16129 0.45844 0.28691 0.06396 0.00955 0.01985
0.15262 0.14379 0.34418 0.30135 0.02280 0.03526
0.13098 0.12404 0.12404 0.42273 0.14341 0.05479
0.05142 0.03879 0.02706 0.03414 0.60371 0.24489
0.33658 0.09081 0.05326 0.04925 0.16805 0.30204

observation: 6
0.58776 0.38592 0.17212 0.08725 0.03811 0.11749
0.12984 0.22939 0.20854 0.10933 0.06651 0.09227
0.09368 0.12759 0.39112 0.65193 0.32934 0.23353
0.18814 0.25693 0.22790 0.14876 0.12851 0.37814
0.00058 0.00017 0.00032 0.00264 0.05705 0.05633
0.00000 0.00000 0.00000 0.00009 0.38049 0.12224

======= iteration 14 =======
initial: 6
0.84069 0.07738 0.02070 0.05934 0.00163 0.00027

transition: 6
0.42621 0.40924 0.08184 0.05563 0.00872 0.01837
0.16223 0.46682 0.28516 0.06152 0.00703 0.01724
0.15291 0.14427 0.34598 0.30653 0.01798 0.03234
0.12648 0.11927 0.12477 0.45411 0.12262 0.05275
0.05091 0.03554 0.02161 0.02612 0.63095 0.23487
0.35882 0.09443 0.04910 0.04144 0.16176 0.29445

observation: 6
0.59586 0.37902 0.16881 0.07961 0.03556 0.11874
0.12700 0.23509 0.20736 0.09553 0.07052 0.09125
0.08807 0.11965 0.40159 0.68861 0.28033 0.20737
0.18845 0.26608 0.22198 0.13386 0.12777 0.40432
0.00062 0.00017 0.00026 0.00236 0.06078 0.06401
0.00000 0.00000 0.00000 0.00004 0.42504 0.11431

======= iteration 15 =======
initial: 6
0.83883 0.06120 0.02046 0.07854 0.00083 0.00014

transition: 6
0.42404 0.41525 0.08180 0.05468 0.00711 0.01712
0.16286 0.47522 0.28229 0.05914 0.00525 0.01524
0.15348 0.14484 0.34556 0.31120 0.01438 0.03054
0.12166 0.11377 0.12336 0.48276 0.10598 0.05248
0.05106 0.03257 0.01681 0.01902 0.65650 0.22405
0.38074 0.09800 0.04457 0.03374 0.15545 0.28751

observation: 6
0.60424 0.37237 0.16745 0.07389 0.03409 0.12056
0.12431 0.24084 0.20741 0.08336 0.07546 0.08903
0.08250 0.11141 0.40860 0.72012 0.23379 0.18317
0.18829 0.27522 0.21632 0.12040 0.12846 0.42963
0.00067 0.00016 0.00022 0.00221 0.06314 0.07200
0.00000 0.00000 0.00000 0.00002 0.46505 0.10562

======= iteration 16 =======
initial: 6
0.83611 0.04690 0.01921 0.09738 0.00033 0.00007

transition: 6
0.42044 0.42105 0.08192 0.05419 0.00601 0.01639
0.16303 0.48337 0.27885 0.05698 0.00404 0.01373
0.15442 0.14570 0.34322 0.31501 0.01187 0.02978
0.11728 0.10841 0.12003 0.50536 0.09453 0.05439
0.05188 0.02999 0.01308 0.01372 0.67823 0.21310
0.40021 0.10133 0.04014 0.02694 0.15012 0.28126

observation: 6
0.61267 0.36575 0.16788 0.07019 0.03334 0.12200
0.12162 0.24630 0.20873 0.07337 0.08035 0.08523
0.07754 0.10372 0.41223 0.74544 0.19894 0.16479
0.18744 0.28407 0.21098 0.10883 0.12933 0.45149
0.00073 0.00016 0.00019 0.00216 0.06338 0.07967
0.00000 0.00000 0.00000 0.00001 0.49465 0.09682

======= iteration 17 =======
initial: 6
0.83473 0.03501 0.01724 0.11288 0.00011 0.00003

transition: 6
0.41542 0.42658 0.08242 0.05427 0.00529 0.01603
0.16260 0.49095 0.27552 0.05516 0.00322 0.01254
0.15555 0.14681 0.33966 0.31804 0.01013 0.02980
0.11373 0.10376 0.11554 0.52113 0.08733 0.05852
0.05348 0.02793 0.01045 0.01022 0.69487 0.20304
0.41608 0.10441 0.03619 0.02141 0.14638 0.27553

observation: 6
0.62102 0.35907 0.16956 0.06820 0.03311 0.12242
0.11882 0.25115 0.21096 0.06549 0.08464 0.08009
0.07363 0.09727 0.41366 0.76510 0.17731 0.15293
0.18577 0.29236 0.20565 0.09903 0.12993 0.46932
0.00077 0.00016 0.00016 0.00217 0.06175 0.08653
0.00000 0.00000 0.00000 0.00000 0.51327 0.08871

======= iteration 18 =======
initial: 6
0.83524 0.02557 0.01503 0.12411 0.00003 0.00001

transition: 6
0.40923 0.43177 0.08338 0.05490 0.00481 0.01591
0.16160 0.49784 0.27267 0.05368 0.00266 0.01155
0.15664 0.14803 0.33549 0.32064 0.00888 0.03031
0.11101 0.09995 0.11060 0.53112 0.08274 0.06458
0.05584 0.02632 0.00867 0.00800 0.70693 0.19424
0.42813 0.10735 0.03279 0.01706 0.14463 0.27005

observation: 6
0.62929 0.35245 0.17196 0.06744 0.03323 0.12160
0.11590 0.25524 0.21374 0.05937 0.08824 0.07423
0.07081 0.09219 0.41406 0.78033 0.16552 0.14608
0.18322 0.29998 0.20010 0.09066 0.13023 0.48428
0.00078 0.00015 0.00014 0.00219 0.05906 0.09226
0.00000 0.00000 0.00000 0.00000 0.52372 0.08155

======= iteration 19 =======
initial: 6
0.83703 0.01833 0.01291 0.13172 0.00001 0.00001

transition: 6
0.40225 0.43655 0.08477 0.05598 0.00450 0.01595
0.16020 0.50404 0.27035 0.05246 0.00226 0.01069
0.15757 0.14924 0.33106 0.32314 0.00792 0.03107
0.10889 0.09687 0.10562 0.53690 0.07947 0.07224
0.05885 0.02503 0.00742 0.00655 0.71560 0.18656
0.43668 0.11025 0.02988 0.01365 0.14499 0.26455

observation: 6
0.63759 0.34605 0.17469 0.06745 0.03356 0.11962
0.11293 0.25857 0.21686 0.05460 0.09131 0.06822
0.06888 0.08828 0.41406 0.79238 0.15972 0.14237
0.17984 0.30696 0.19428 0.08339 0.13024 0.49790
0.00076 0.00013 0.00012 0.00218 0.05606 0.09673
0.00000 0.00000 0.00000 0.00000 0.52911 0.07516

======= iteration 20 =======
initial: 6
0.83931 0.01290 0.01102 0.13677 0.00000 0.00000

transition: 6
0.39486 0.44087 0.08652 0.05738 0.00428 0.01610
0.15856 0.50969 0.26846 0.05143 0.00196 0.00991
0.15828 0.15036 0.32650 0.32580 0.00714 0.03192
0.10713 0.09434 0.10076 0.53984 0.07671 0.08121
0.06242 0.02396 0.00650 0.00555 0.72180 0.17977
0.44221 0.11324 0.02738 0.01095 0.14734 0.25887

observation: 6
0.64598 0.34002 0.17753 0.06785 0.03400 0.11666
0.10997 0.26123 0.22023 0.05085 0.09398 0.06245
0.06759 0.08524 0.41390 0.80226 0.15719 0.14037
0.17574 0.31339 0.18826 0.07693 0.12986 0.51129
0.00072 0.00012 0.00009 0.00211 0.05318 0.09998
0.00000 0.00000 0.00000 0.00000 0.53178 0.06924

======= iteration 21 =======
initial: 6
0.84152 0.00893 0.00941 0.14014 0.00000 0.00000

transition: 6
0.38731 0.44471 0.08853 0.05899 0.00412 0.01633
0.15682 0.51490 0.26687 0.05050 0.00173 0.00919
0.15878 0.15136 0.32184 0.32877 0.00647 0.03279
0.10553 0.09217 0.09608 0.54094 0.07404 0.09125
0.06648 0.02304 0.00580 0.00482 0.72614 0.17373
0.44514 0.11644 0.02522 0.00881 0.15149 0.25290

observation: 6
0.65450 0.33444 0.18037 0.06840 0.03449 0.11294
0.10711 0.26328 0.22381 0.04787 0.09637 0.05711
0.06671 0.08281 0.41364 0.81068 0.15638 0.13922
0.17103 0.31937 0.18211 0.07105 0.12895 0.52501
0.00065 0.00010 0.00007 0.00200 0.05059 0.10217
0.00000 0.00000 0.00000 0.00000 0.53322 0.06354

======= iteration 22 =======
initial: 6
0.84342 0.00608 0.00805 0.14244 0.00000 0.00000

transition: 6
0.37981 0.44805 0.09077 0.06074 0.00400 0.01664
0.15506 0.51978 0.26545 0.04965 0.00154 0.00852
0.15909 0.15222 0.31706 0.33213 0.00587 0.03363
0.10397 0.09023 0.09157 0.54086 0.07125 0.10212
0.07097 0.02221 0.00524 0.00427 0.72896 0.16836
0.44583 0.11996 0.02334 0.00710 0.15718 0.24660

observation: 6
0.66311 0.32933 0.18318 0.06897 0.03497 0.10867
0.10440 0.26480 0.22760 0.04548 0.09854 0.05229
0.06611 0.08081 0.41325 0.81810 0.15646 0.13842
0.16580 0.32499 0.17592 0.06559 0.12742 0.53919
0.00058 0.00009 0.00005 0.00186 0.04832 0.10349
0.00000 0.00000 0.00000 0.00000 0.53429 0.05794

======= iteration 23 =======
initial: 6
0.84497 0.00408 0.00691 0.14404 0.00000 0.00000

transition: 6
0.37246 0.45091 0.09317 0.06256 0.00390 0.01700
0.15335 0.52439 0.26414 0.04883 0.00139 0.00789
0.15926 0.15296 0.31213 0.33591 0.00533 0.03442
0.10239 0.08843 0.08726 0.54005 0.06828 0.11359
0.07584 0.02144 0.00477 0.00384 0.73049 0.16362
0.44458 0.12390 0.02172 0.00574 0.16410 0.23996

observation: 6
0.67175 0.32467 0.18593 0.06949 0.03541 0.10406
0.10187 0.26584 0.23159 0.04356 0.10052 0.04800
0.06570 0.07911 0.41268 0.82481 0.15701 0.13771
0.16017 0.33030 0.16975 0.06045 0.12525 0.55371
0.00051 0.00007 0.00004 0.00169 0.04635 0.10411
0.00000 0.00000 0.00000 0.00000 0.53545 0.05239

======= iteration 24 =======
initial: 6
0.84619 0.00270 0.00597 0.14515 0.00000 0.00000

transition: 6
0.36535 0.45328 0.09570 0.06442 0.00381 0.01743
0.15171 0.52881 0.26289 0.04803 0.00125 0.00731
0.15932 0.15358 0.30706 0.34008 0.00483 0.03513
0.10077 0.08673 0.08314 0.53878 0.06515 0.12542
0.08097 0.02071 0.00438 0.00350 0.73091 0.15953
0.44166 0.12839 0.02033 0.00466 0.17195 0.23301

observation: 6
0.68037 0.32045 0.18864 0.06991 0.03580 0.09932
0.09954 0.26646 0.23577 0.04203 0.10236 0.04423
0.06543 0.07764 0.41190 0.83098 0.15784 0.13700
0.15422 0.33538 0.16366 0.05557 0.12248 0.56828
0.00043 0.00006 0.00003 0.00151 0.04463 0.10422
0.00000 0.00000 0.00000 0.00000 0.53689 0.04695

======= iteration 25 =======
initial: 6
0.84715 0.00177 0.00517 0.14591 0.00000 0.00000

transition: 6
0.35854 0.45517 0.09835 0.06628 0.00373 0.01792
0.15015 0.53306 0.26167 0.04722 0.00114 0.00676
0.15933 0.15412 0.30182 0.34460 0.00437 0.03576
0.09916 0.08510 0.07922 0.53727 0.06192 0.13734
0.08625 0.02000 0.00403 0.00322 0.73040 0.15610
0.43734 0.13354 0.01915 0.00380 0.18033 0.22584

observation: 6
0.68891 0.31663 0.19129 0.07025 0.03613 0.09463
0.09740 0.26670 0.24012 0.04082 0.10407 0.04096
0.06527 0.07636 0.41088 0.83668 0.15884 0.13627
0.14805 0.34027 0.15769 0.05092 0.11920 0.58251
0.00037 0.00005 0.00002 0.00133 0.04312 0.10396
0.00000 0.00000 0.00000 0.00000 0.53863 0.04167

======= iteration 26 =======
initial: 6
0.84794 0.00114 0.00450 0.14642 0.00000 0.00000

transition: 6
0.35206 0.45662 0.10110 0.06810 0.00365 0.01847
0.14866 0.53718 0.26046 0.04642 0.00104 0.00625
0.15933 0.15459 0.29642 0.34941 0.00396 0.03629
0.09758 0.08352 0.07552 0.53563 0.05871 0.14904
0.09151 0.01930 0.00371 0.00298 0.72913 0.15337
0.43185 0.13945 0.01817 0.00311 0.18885 0.21857

observation: 6
0.69729 0.31316 0.19388 0.07051 0.03640 0.09017
0.09545 0.26657 0.24461 0.03988 0.10564 0.03815
0.06522 0.07523 0.40961 0.84195 0.15998 0.13557
0.14173 0.34499 0.15188 0.04650 0.11559 0.59602
0.00031 0.00004 0.00002 0.00116 0.04180 0.10345
0.00000 0.00000 0.00000 0.00000 0.54059 0.03666

======= iteration 27 =======
initial: 6
0.84862 0.00073 0.00394 0.14671 0.00000 0.00000

transition: 6
0.34593 0.45764 0.10393 0.06985 0.00358 0.01906
0.14726 0.54118 0.25925 0.04560 0.00095 0.00576
0.15935 0.15502 0.29087 0.35446 0.00358 0.03672
0.09608 0.08200 0.07204 0.53398 0.05564 0.16025
0.09658 0.01858 0.00342 0.00279 0.72729 0.15134
0.42540 0.14620 0.01736 0.00257 0.19714 0.21133

observation: 6
0.70549 0.31001 0.19640 0.07070 0.03659 0.08606
0.09364 0.26613 0.24922 0.03918 0.10709 0.03575
0.06525 0.07425 0.40810 0.84677 0.16120 0.13495
0.13535 0.34958 0.14627 0.04233 0.11182 0.60845
0.00026 0.00003 0.00001 0.00101 0.04066 0.10278
0.00000 0.00000 0.00000 0.00000 0.54264 0.03201

======= iteration 28 =======
initial: 6
0.84925 0.00046 0.00346 0.14684 0.00000 0.00000

transition: 6
0.34017 0.45825 0.10684 0.07152 0.00352 0.01970
0.14593 0.54509 0.25804 0.04477 0.00086 0.00531
0.15944 0.15544 0.28517 0.35965 0.00325 0.03705
0.09471 0.08055 0.06880 0.53239 0.05280 0.17074
0.10129 0.01785 0.00314 0.00262 0.72507 0.15003
0.41815 0.15384 0.01672 0.00214 0.20486 0.20428

observation: 6
0.71346 0.30716 0.19884 0.07085 0.03673 0.08239
0.09197 0.26540 0.25391 0.03869 0.10842 0.03373
0.06538 0.07339 0.40635 0.85115 0.16247 0.13451
0.12897 0.35402 0.14089 0.03844 0.10806 0.61955
0.00022 0.00003 0.00001 0.00087 0.03968 0.10202
0.00000 0.00000 0.00000 0.00000 0.54464 0.02779

======= iteration 29 =======
initial: 6
0.84986 0.00029 0.00305 0.14681 0.00000 0.00000

transition: 6
0.33478 0.45849 0.10981 0.07307 0.00347 0.02039
0.14467 0.54888 0.25685 0.04393 0.00079 0.00488
0.15960 0.15587 0.27934 0.36495 0.00295 0.03729
0.09350 0.07916 0.06579 0.53092 0.05028 0.18034
0.10550 0.01711 0.00288 0.00247 0.72264 0.14940
0.41022 0.16241 0.01621 0.00180 0.21180 0.19757

observation: 6
0.72118 0.30456 0.20118 0.07095 0.03681 0.07922
0.09038 0.26443 0.25867 0.03837 0.10963 0.03204
0.06561 0.07266 0.40440 0.85507 0.16376 0.13430
0.12264 0.35832 0.13576 0.03486 0.10445 0.62918
0.00019 0.00002 0.00001 0.00075 0.03887 0.10122
0.00000 0.00000 0.00000 0.00000 0.54650 0.02405

======= iteration 30 =======
initial: 6
0.85048 0.00018 0.00270 0.14665 0.00000 0.00000

transition: 6
0.32977 0.45838 0.11284 0.07448 0.00343 0.02111
0.14347 0.55257 0.25567 0.04308 0.00072 0.00448
0.15986 0.15634 0.27339 0.37028 0.00269 0.03744
0.09246 0.07785 0.06301 0.52960 0.04810 0.18897
0.10912 0.01635 0.00262 0.00233 0.72014 0.14942
0.40170 0.17186 0.01582 0.00152 0.21784 0.19127

observation: 6
0.72865 0.30220 0.20339 0.07101 0.03684 0.07655
0.08886 0.26326 0.26345 0.03821 0.11072 0.03062
0.06591 0.07206 0.40226 0.85854 0.16501 0.13436
0.11641 0.36246 0.13089 0.03159 0.10109 0.63730
0.00016 0.00002 0.00000 0.00065 0.03820 0.10039
0.00000 0.00000 0.00000 0.00000 0.54814 0.02077

======= iteration 31 =======
initial: 6
0.85112 0.00011 0.00240 0.14637 0.00000 0.00000

transition: 6
0.32511 0.45796 0.11592 0.07574 0.00341 0.02186
0.14234 0.55615 0.25451 0.04223 0.00066 0.00411
0.16022 0.15687 0.26731 0.37560 0.00246 0.03753
0.09159 0.07662 0.06045 0.52846 0.04627 0.19662
0.11213 0.01559 0.00238 0.00221 0.71768 0.15001
0.39263 0.18215 0.01552 0.00130 0.22296 0.18545

observation: 6
0.73590 0.30006 0.20547 0.07104 0.03685 0.07437
0.08737 0.26193 0.26826 0.03816 0.11170 0.02944
0.06630 0.07157 0.39996 0.86159 0.16619 0.13472
0.11030 0.36642 0.12631 0.02865 0.09804 0.64397
0.00013 0.00002 0.00000 0.00055 0.03766 0.09955
0.00000 0.00000 0.00000 0.00000 0.54956 0.01795

======= iteration 32 =======
initial: 6
0.85180 0.00007 0.00214 0.14600 0.00000 0.00000

transition: 6
0.32080 0.45725 0.11907 0.07685 0.00340 0.02263
0.14125 0.55959 0.25340 0.04138 0.00061 0.00377
0.16068 0.15747 0.26113 0.38088 0.00226 0.03758
0.09088 0.07546 0.05808 0.52749 0.04475 0.20334
0.11453 0.01483 0.00215 0.00209 0.71531 0.15108
0.38309 0.19318 0.01530 0.00111 0.22721 0.18011

observation: 6
0.74292 0.29813 0.20739 0.07102 0.03683 0.07263
0.08589 0.26049 0.27307 0.03822 0.11258 0.02845
0.06674 0.07120 0.39753 0.86425 0.16726 0.13537
0.10434 0.37017 0.12200 0.02603 0.09530 0.64931
0.00011 0.00001 0.00000 0.00048 0.03725 0.09872
0.00000 0.00000 0.00000 0.00000 0.55077 0.01552

======= iteration 33 =======
initial: 6
0.85250 0.00004 0.00191 0.14554 0.00000 0.00000

transition: 6
0.31681 0.45629 0.12228 0.07780 0.00340 0.02343
0.14022 0.56290 0.25232 0.04054 0.00056 0.00346
0.16123 0.15816 0.25483 0.38610 0.00209 0.03759
0.09032 0.07437 0.05588 0.52670 0.04351 0.20923
0.11638 0.01408 0.00193 0.00197 0.71308 0.15255
0.37314 0.20482 0.01514 0.00096 0.23070 0.17524

observation: 6
0.74974 0.29639 0.20915 0.07096 0.03681 0.07128
0.08441 0.25895 0.27790 0.03836 0.11337 0.02760
0.06723 0.07095 0.39498 0.86656 0.16821 0.13630
0.09853 0.37369 0.11797 0.02371 0.09287 0.65347
0.00009 0.00001 0.00000 0.00041 0.03693 0.09790
0.00000 0.00000 0.00000 0.00000 0.55180 0.01344

======= iteration 34 =======
initial: 6
0.85323 0.00003 0.00172 0.14503 0.00000 0.00000

transition: 6
0.31310 0.45511 0.12555 0.07858 0.00342 0.02424
0.13924 0.56605 0.25131 0.03972 0.00051 0.00316
0.16186 0.15894 0.24843 0.39124 0.00194 0.03759
0.08988 0.07333 0.05385 0.52608 0.04248 0.21439
0.11775 0.01334 0.00173 0.00186 0.71100 0.15432
0.36288 0.21694 0.01503 0.00084 0.23353 0.17079

observation: 6
0.75638 0.29485 0.21073 0.07084 0.03677 0.07027
0.08290 0.25736 0.28272 0.03856 0.11409 0.02688
0.06776 0.07080 0.39233 0.86858 0.16902 0.13747
0.09289 0.37698 0.11422 0.02166 0.09073 0.65661
0.00008 0.00001 0.00000 0.00035 0.03670 0.09710
0.00000 0.00000 0.00000 0.00000 0.55269 0.01166

======= iteration 35 =======
initial: 6
0.85396 0.00002 0.00155 0.14447 0.00000 0.00000

transition: 6
0.30965 0.45373 0.12889 0.07921 0.00344 0.02507
0.13831 0.56906 0.25035 0.03892 0.00047 0.00290
0.16258 0.15983 0.24193 0.39628 0.00180 0.03758
0.08954 0.07234 0.05195 0.52560 0.04164 0.21893
0.11871 0.01262 0.00154 0.00176 0.70906 0.15631
0.35241 0.22938 0.01495 0.00074 0.23582 0.16670

observation: 6
0.76284 0.29348 0.21213 0.07068 0.03673 0.06956
0.08136 0.25572 0.28755 0.03882 0.11475 0.02624
0.06830 0.07076 0.38960 0.87034 0.16970 0.13886
0.08743 0.38003 0.11072 0.01986 0.08883 0.65888
0.00006 0.00001 0.00000 0.00030 0.03654 0.09632
0.00000 0.00000 0.00000 0.00000 0.55347 0.01014

======= iteration 36 =======
initial: 6
0.85470 0.00001 0.00140 0.14389 0.00000 0.00000

transition: 6
0.30642 0.45220 0.13229 0.07969 0.00347 0.02591
0.13741 0.57191 0.24945 0.03815 0.00043 0.00265
0.16336 0.16084 0.23533 0.40121 0.00168 0.03759
0.08929 0.07139 0.05017 0.52526 0.04093 0.22295
0.11935 0.01191 0.00137 0.00165 0.70727 0.15845
0.34182 0.24201 0.01491 0.00065 0.23767 0.16294

observation: 6
0.76912 0.29228 0.21334 0.07046 0.03668 0.06909
0.07980 0.25407 0.29239 0.03911 0.11535 0.02568
0.06885 0.07082 0.38680 0.87189 0.17024 0.14042
0.08218 0.38282 0.10747 0.01828 0.08715 0.66041
0.00005 0.00001 0.00000 0.00026 0.03642 0.09557
0.00000 0.00000 0.00000 0.00000 0.55416 0.00882

======= iteration 37 =======
initial: 6
0.85543 0.00001 0.00127 0.14329 0.00000 0.00000

transition: 6
0.30339 0.45055 0.13577 0.08003 0.00351 0.02675
0.13656 0.57461 0.24861 0.03741 0.00039 0.00243
0.16421 0.16199 0.22864 0.40600 0.00157 0.03760
0.08910 0.07048 0.04850 0.52504 0.04033 0.22654
0.11973 0.01123 0.00121 0.00155 0.70561 0.16066
0.33124 0.25466 0.01488 0.00058 0.23920 0.15944

observation: 6
0.77522 0.29125 0.21436 0.07020 0.03663 0.06884
0.07820 0.25240 0.29724 0.03942 0.11590 0.02518
0.06940 0.07097 0.38393 0.87326 0.17067 0.14213
0.07714 0.38538 0.10446 0.01690 0.08566 0.66131
0.00004 0.00001 0.00000 0.00022 0.03635 0.09485
0.00000 0.00000 0.00000 0.00000 0.55479 0.00769

======= iteration 38 =======
initial: 6
0.85614 0.00000 0.00116 0.14269 0.00000 0.00000

transition: 6
0.30050 0.44878 0.13933 0.08024 0.00356 0.02760
0.13575 0.57715 0.24783 0.03669 0.00036 0.00222
0.16511 0.16327 0.22186 0.41066 0.00147 0.03764
0.08897 0.06959 0.04693 0.52493 0.03980 0.22977
0.11992 0.01058 0.00106 0.00146 0.70408 0.16291
0.32076 0.26721 0.01488 0.00052 0.24047 0.15617

observation: 6
0.78114 0.29037 0.21520 0.06988 0.03657 0.06876
0.07658 0.25072 0.30211 0.03976 0.11642 0.02473
0.06992 0.07122 0.38102 0.87448 0.17099 0.14397
0.07232 0.38769 0.10167 0.01569 0.08433 0.66168
0.00004 0.00000 0.00000 0.00019 0.03631 0.09416
0.00000 0.00000 0.00000 0.00000 0.55538 0.00670

======= iteration 39 =======
initial: 6
0.85682 0.00000 0.00106 0.14211 0.00000 0.00000

transition: 6
0.29774 0.44694 0.14295 0.08032 0.00360 0.02844
0.13497 0.57956 0.24711 0.03600 0.00033 0.00204
0.16608 0.16469 0.21501 0.41515 0.00138 0.03769
0.08888 0.06873 0.04543 0.52492 0.03933 0.23270
0.11996 0.00995 0.00093 0.00136 0.70265 0.16515
0.31048 0.27953 0.01488 0.00047 0.24155 0.15309

observation: 6
0.78687 0.28964 0.21585 0.06953 0.03650 0.06884
0.07495 0.24903 0.30700 0.04010 0.11691 0.02432
0.07041 0.07155 0.37806 0.87558 0.17121 0.14591
0.06774 0.38978 0.09908 0.01462 0.08315 0.66159
0.00003 0.00000 0.00000 0.00017 0.03629 0.09349
0.00000 0.00000 0.00000 0.00000 0.55593 0.00585

======= iteration 40 =======
initial: 6
0.85747 0.00000 0.00098 0.14155 0.00000 0.00000

transition: 6
0.29509 0.44504 0.14666 0.08028 0.00364 0.02929
0.13422 0.58183 0.24644 0.03535 0.00030 0.00186
0.16709 0.16628 0.20810 0.41947 0.00129 0.03777
0.08882 0.06789 0.04402 0.52500 0.03890 0.23537
0.11989 0.00935 0.00082 0.00127 0.70133 0.16735
0.30047 0.29153 0.01490 0.00042 0.24250 0.15017

observation: 6
0.79240 0.28905 0.21632 0.06914 0.03643 0.06904
0.07330 0.24734 0.31191 0.04044 0.11737 0.02395
0.07087 0.07196 0.37508 0.87659 0.17135 0.14793
0.06341 0.39165 0.09668 0.01369 0.08210 0.66111
0.00002 0.00000 0.00000 0.00014 0.03630 0.09286
0.00000 0.00000 0.00000 0.00000 0.55645 0.00510

======= iteration 41 =======
initial: 6
0.85807 0.00000 0.00091 0.14102 0.00000 0.00000

transition: 6
0.29251 0.44309 0.15044 0.08014 0.00369 0.03013
0.13349 0.58397 0.24583 0.03472 0.00027 0.00171
0.16816 0.16803 0.20113 0.42360 0.00121 0.03787
0.08879 0.06706 0.04267 0.52516 0.03849 0.23782
0.11974 0.00877 0.00072 0.00118 0.70010 0.16949
0.29080 0.30311 0.01493 0.00038 0.24336 0.14741

observation: 6
0.79773 0.28860 0.21662 0.06872 0.03636 0.06936
0.07165 0.24564 0.31685 0.04078 0.11780 0.02361
0.07128 0.07244 0.37208 0.87750 0.17141 0.15002
0.05932 0.39332 0.09445 0.01287 0.08117 0.66030
0.00002 0.00000 0.00000 0.00012 0.03632 0.09226
0.00000 0.00000 0.00000 0.00000 0.55694 0.00445

======= iteration 42 =======
initial: 6
0.85862 0.00000 0.00085 0.14053 0.00000 0.00000

transition: 6
0.28999 0.44111 0.15430 0.07991 0.00373 0.03096
0.13279 0.58599 0.24528 0.03413 0.00025 0.00156
0.16927 0.16996 0.19412 0.42752 0.00114 0.03799
0.08878 0.06626 0.04139 0.52539 0.03809 0.24009
0.11953 0.00823 0.00062 0.00110 0.69896 0.17156
0.28152 0.31423 0.01497 0.00035 0.24416 0.14477

observation: 6
0.80285 0.28827 0.21674 0.06827 0.03627 0.06977
0.07000 0.24392 0.32182 0.04112 0.11822 0.02330
0.07164 0.07300 0.36907 0.87835 0.17141 0.15217
0.05549 0.39481 0.09237 0.01215 0.08035 0.65919
0.00002 0.00000 0.00000 0.00010 0.03635 0.09169
0.00000 0.00000 0.00000 0.00000 0.55741 0.00388

======= iteration 43 =======
initial: 6
0.85912 0.00000 0.00079 0.14009 0.00000 0.00000

transition: 6
0.28752 0.43909 0.15824 0.07959 0.00377 0.03179
0.13211 0.58790 0.24477 0.03356 0.00022 0.00143
0.17043 0.17206 0.18707 0.43123 0.00108 0.03813
0.08877 0.06547 0.04016 0.52570 0.03771 0.24219
0.11928 0.00772 0.00054 0.00102 0.69789 0.17355
0.27265 0.32483 0.01502 0.00032 0.24492 0.14227

observation: 6
0.80776 0.28806 0.21670 0.06781 0.03617 0.07025
0.06837 0.24219 0.32682 0.04145 0.11861 0.02303
0.07194 0.07362 0.36606 0.87914 0.17135 0.15437
0.05192 0.39612 0.09042 0.01152 0.07964 0.65782
0.00001 0.00000 0.00000 0.00009 0.03639 0.09115
0.00000 0.00000 0.00000 0.00000 0.55785 0.00338

======= iteration 44 =======
initial: 6
0.85956 0.00000 0.00075 0.13969 0.00000 0.00000

transition: 6
0.28509 0.43704 0.16227 0.07920 0.00380 0.03260
0.13144 0.58971 0.24432 0.03302 0.00020 0.00131
0.17162 0.17436 0.18001 0.43470 0.00102 0.03829
0.08878 0.06469 0.03898 0.52606 0.03734 0.24415
0.11901 0.00723 0.00047 0.00095 0.69689 0.17545
0.26421 0.33489 0.01508 0.00029 0.24565 0.13988

observation: 6
0.81245 0.28796 0.21649 0.06733 0.03607 0.07080
0.06676 0.24045 0.33186 0.04176 0.11898 0.02278
0.07218 0.07430 0.36305 0.87987 0.17124 0.15661
0.04860 0.39729 0.08859 0.01096 0.07901 0.65622
0.00001 0.00000 0.00000 0.00008 0.03644 0.09064
0.00000 0.00000 0.00000 0.00000 0.55826 0.00295

======= iteration 45 =======
initial: 6
0.85994 0.00000 0.00071 0.13935 0.00000 0.00000

transition: 6
0.28269 0.43496 0.16637 0.07875 0.00383 0.03340
0.13078 0.59141 0.24392 0.03250 0.00018 0.00121
0.17286 0.17685 0.17294 0.43792 0.00096 0.03847
0.08879 0.06394 0.03785 0.52648 0.03696 0.24598
0.11872 0.00677 0.00041 0.00087 0.69596 0.17727
0.25622 0.34439 0.01514 0.00027 0.24637 0.13761

observation: 6
0.81694 0.28796 0.21614 0.06684 0.03595 0.07140
0.06516 0.23868 0.33695 0.04206 0.11933 0.02257
0.07237 0.07503 0.36006 0.88056 0.17109 0.15889
0.04552 0.39832 0.08686 0.01047 0.07847 0.65442
0.00001 0.00000 0.00000 0.00006 0.03649 0.09016
0.00000 0.00000 0.00000 0.00000 0.55866 0.00256

======= iteration 46 =======
initial: 6
0.86026 0.00000 0.00068 0.13906 0.00000 0.00000

transition: 6
0.28032 0.43283 0.17056 0.07824 0.00386 0.03419
0.13013 0.59301 0.24357 0.03201 0.00016 0.00111
0.17414 0.17954 0.16587 0.44088 0.00091 0.03866
0.08880 0.06320 0.03676 0.52696 0.03659 0.24769
0.11842 0.00634 0.00035 0.00080 0.69508 0.17899
0.24867 0.35333 0.01522 0.00025 0.24710 0.13545

observation: 6
0.82123 0.28806 0.21564 0.06634 0.03583 0.07205
0.06360 0.23689 0.34207 0.04235 0.11966 0.02238
0.07248 0.07582 0.35709 0.88121 0.17090 0.16119
0.04268 0.39923 0.08520 0.01004 0.07802 0.65244
0.00001 0.00000 0.00000 0.00005 0.03654 0.08971
0.00000 0.00000 0.00000 0.00000 0.55904 0.00223

======= iteration 47 =======
initial: 6
0.86051 0.00000 0.00066 0.13883 0.00000 0.00000

transition: 6
0.27798 0.43066 0.17482 0.07769 0.00388 0.03497
0.12948 0.59452 0.24329 0.03154 0.00015 0.00101
0.17544 0.18244 0.15883 0.44356 0.00086 0.03886
0.08880 0.06248 0.03572 0.52748 0.03622 0.24930
0.11812 0.00594 0.00031 0.00074 0.69426 0.18063
0.24155 0.36171 0.01530 0.00023 0.24782 0.13340

observation: 6
0.82532 0.28825 0.21499 0.06585 0.03570 0.07272
0.06207 0.23506 0.34724 0.04262 0.11998 0.02223
0.07253 0.07664 0.35415 0.88183 0.17067 0.16353
0.04007 0.40005 0.08362 0.00966 0.07764 0.65030
0.00001 0.00000 0.00000 0.00005 0.03660 0.08928
0.00000 0.00000 0.00000 0.00000 0.55940 0.00194

======= iteration 48 =======
initial: 6
0.86070 0.00000 0.00064 0.13866 0.00000 0.00000

transition: 6
0.27567 0.42844 0.17917 0.07710 0.00390 0.03573
0.12884 0.59593 0.24307 0.03110 0.00013 0.00093
0.17678 0.18555 0.15182 0.44596 0.00082 0.03908
0.08880 0.06179 0.03471 0.52805 0.03584 0.25082
0.11781 0.00556 0.00027 0.00068 0.69349 0.18219
0.23484 0.36956 0.01539 0.00021 0.24855 0.13145

observation: 6
0.82923 0.28851 0.21422 0.06536 0.03557 0.07342
0.06058 0.23321 0.35246 0.04287 0.12027 0.02210
0.07251 0.07750 0.35124 0.88241 0.17042 0.16589
0.03767 0.40078 0.08208 0.00932 0.07732 0.64802
0.00000 0.00000 0.00000 0.00004 0.03666 0.08888
0.00000 0.00000 0.00000 0.00000 0.55975 0.00169

======= iteration 49 =======
initial: 6
0.86083 0.00000 0.00063 0.13855 0.00000 0.00000

transition: 6
0.27339 0.42615 0.18360 0.07648 0.00391 0.03647
0.12818 0.59725 0.24293 0.03067 0.00012 0.00085
0.17815 0.18888 0.14485 0.44805 0.00078 0.03930
0.08879 0.06111 0.03373 0.52866 0.03546 0.25224
0.11749 0.00521 0.00023 0.00062 0.69277 0.18368
0.22853 0.37689 0.01549 0.00019 0.24928 0.12962

observation: 6
0.83297 0.28884 0.21332 0.06488 0.03543 0.07414
0.05912 0.23132 0.35772 0.04311 0.12055 0.02201
0.07243 0.07839 0.34838 0.88296 0.17013 0.16828
0.03548 0.40145 0.08058 0.00902 0.07708 0.64560
0.00000 0.00000 0.00000 0.00003 0.03672 0.08850
0.00000 0.00000 0.00000 0.00000 0.56009 0.00147

======= iteration 50 =======
initial: 6
0.86089 0.00000 0.00062 0.13849 0.00000 0.00000

transition: 6
0.27115 0.42378 0.18811 0.07584 0.00392 0.03720
0.12752 0.59846 0.24286 0.03027 0.00011 0.00078
0.17954 0.19244 0.13795 0.44982 0.00074 0.03952
0.08877 0.06046 0.03279 0.52931 0.03509 0.25359
0.11718 0.00488 0.00020 0.00057 0.69208 0.18509
0.22260 0.38372 0.01559 0.00018 0.25003 0.12788

observation: 6
0.83655 0.28924 0.21229 0.06440 0.03529 0.07486
0.05770 0.22939 0.36304 0.04332 0.12081 0.02195
0.07227 0.07930 0.34557 0.88348 0.16981 0.17069
0.03348 0.40207 0.07910 0.00876 0.07689 0.64307
0.00000 0.00000 0.00000 0.00003 0.03677 0.08815
0.00000 0.00000 0.00000 0.00000 0.56043 0.00127

======= iteration 51 =======
initial: 6
0.86089 0.00000 0.00062 0.13850 0.00000 0.00000

transition: 6
0.26896 0.42133 0.19270 0.07519 0.00392 0.03791
0.12685 0.59957 0.24287 0.02989 0.00010 0.00072
0.18094 0.19624 0.13112 0.45126 0.00070 0.03975
0.08873 0.05983 0.03187 0.53000 0.03471 0.25487
0.11687 0.00457 0.00017 0.00052 0.69143 0.18643
0.21702 0.39008 0.01571 0.00017 0.25079 0.12625

observation: 6
0.83998 0.28969 0.21116 0.06394 0.03514 0.07559
0.05632 0.22742 0.36840 0.04353 0.12105 0.02192
0.07205 0.08023 0.34281 0.88397 0.16947 0.17313
0.03166 0.40266 0.07764 0.00853 0.07675 0.64043
0.00000 0.00000 0.00000 0.00002 0.03682 0.08782
0.00000 0.00000 0.00000 0.00000 0.56076 0.00111

======= iteration 52 =======
initial: 6
0.86082 0.00000 0.00062 0.13856 0.00000 0.00000

transition: 6
0.26681 0.41878 0.19737 0.07452 0.00391 0.03860
0.12617 0.60056 0.24298 0.02953 0.00009 0.00066
0.18236 0.20027 0.12438 0.45235 0.00067 0.03997
0.08868 0.05922 0.03099 0.53071 0.03432 0.25608
0.11656 0.00429 0.00015 0.00047 0.69082 0.18772
0.21177 0.39598 0.01583 0.00016 0.25155 0.12471

observation: 6
0.84327 0.29020 0.20991 0.06350 0.03500 0.07631
0.05498 0.22540 0.37380 0.04371 0.12127 0.02192
0.07176 0.08117 0.34011 0.88444 0.16911 0.17560
0.03000 0.40323 0.07617 0.00834 0.07666 0.63769
0.00000 0.00000 0.00000 0.00002 0.03687 0.08751
0.00000 0.00000 0.00000 0.00000 0.56109 0.00096

======= iteration 53 =======
initial: 6
0.86069 0.00000 0.00063 0.13868 0.00000 0.00000

transition: 6
0.26472 0.41613 0.20211 0.07385 0.00391 0.03928
0.12548 0.60144 0.24320 0.02919 0.00008 0.00061
0.18378 0.20456 0.11774 0.45309 0.00064 0.04018
0.08861 0.05864 0.03013 0.53146 0.03394 0.25722
0.11625 0.00402 0.00013 0.00043 0.69022 0.18895
0.20684 0.40147 0.01595 0.00014 0.25234 0.12326

observation: 6
0.84643 0.29076 0.20856 0.06307 0.03485 0.07703
0.05367 0.22332 0.37926 0.04389 0.12148 0.02195
0.07139 0.08212 0.33749 0.88487 0.16872 0.17810
0.02850 0.40380 0.07470 0.00816 0.07661 0.63487
0.00000 0.00000 0.00000 0.00002 0.03692 0.08722
0.00000 0.00000 0.00000 0.00000 0.56142 0.00083

======= iteration 54 =======
initial: 6
0.86050 0.00000 0.00064 0.13885 0.00000 0.00000

transition: 6
0.26268 0.41336 0.20694 0.07318 0.00389 0.03995
0.12478 0.60219 0.24353 0.02888 0.00007 0.00056
0.18520 0.20911 0.11123 0.45346 0.00061 0.04039
0.08853 0.05808 0.02929 0.53224 0.03355 0.25831
0.11595 0.00377 0.00011 0.00039 0.68966 0.19013
0.20220 0.40655 0.01609 0.00014 0.25313 0.12190

observation: 6
0.84948 0.29136 0.20711 0.06265 0.03470 0.07773
0.05241 0.22120 0.38475 0.04405 0.12166 0.02202
0.07097 0.08306 0.33493 0.88527 0.16832 0.18062
0.02715 0.40438 0.07321 0.00801 0.07660 0.63195
0.00000 0.00000 0.00000 0.00001 0.03696 0.08696
0.00000 0.00000 0.00000 0.00000 0.56176 0.00072

======= iteration 55 =======
initial: 6
0.86025 0.00000 0.00067 0.13909 0.00000 0.00000

transition: 6
0.26071 0.41046 0.21184 0.07251 0.00387 0.04060
0.12406 0.60280 0.24399 0.02858 0.00006 0.00051
0.18661 0.21393 0.10484 0.45344 0.00059 0.04058
0.08842 0.05755 0.02848 0.53304 0.03315 0.25935
0.11564 0.00354 0.00010 0.00035 0.68911 0.19126
0.19782 0.41125 0.01623 0.00013 0.25394 0.12063

observation: 6
0.85242 0.29200 0.20556 0.06226 0.03456 0.07841
0.05118 0.21901 0.39029 0.04420 0.12183 0.02212
0.07047 0.08400 0.33246 0.88565 0.16789 0.18317
0.02592 0.40499 0.07169 0.00789 0.07663 0.62896
0.00000 0.00000 0.00000 0.00001 0.03699 0.08672
0.00000 0.00000 0.00000 0.00000 0.56210 0.00063

======= iteration 56 =======
initial: 6
0.85993 0.00000 0.00070 0.13937 0.00000 0.00000

transition: 6
0.25882 0.40743 0.21682 0.07184 0.00385 0.04125
0.12333 0.60325 0.24459 0.02831 0.00005 0.00047
0.18801 0.21903 0.09861 0.45304 0.00057 0.04076
0.08830 0.05704 0.02768 0.53387 0.03276 0.26034
0.11534 0.00332 0.00008 0.00032 0.68857 0.19236
