initial: 6
0.20000 0.10000 0.20000 0.20000 0.20000 0.10000

transition: 6
0.30000 0.30000 0.10000 0.10000 0.10000 0.10000
0.10000 0.30000 0.30000 0.10000 0.10000 0.10000
0.10000 0.10000 0.30000 0.30000 0.10000 0.10000
0.10000 0.10000 0.10000 0.30000 0.30000 0.10000
0.10000 0.10000 0.10000 0.10000 0.30000 0.30000
0.30000 0.10000 0.10000 0.10000 0.10000 0.30000

observation: 6
0.20000 0.20000 0.10000 0.10000 0.10000 0.10000
0.20000 0.20000 0.20000 0.20000 0.10000 0.10000
0.20000 0.20000 0.20000 0.20000 0.20000 0.20000
0.20000 0.20000 0.20000 0.20000 0.20000 0.20000
0.10000 0.10000 0.20000 0.20000 0.20000 0.20000
0.10000 0.10000 0.10000 0.10000 0.20000 0.20000

======= iteration 0 =======
initial: 6
0.21677 0.10355 0.19519 0.19841 0.18913 0.09695

transition: 6
0.33708 0.31992 0.08712 0.08631 0.08253 0.08704
0.11869 0.33790 0.27533 0.09083 0.08620 0.09105
0.12024 0.11435 0.28902 0.28676 0.09252 0.09711
0.12066 0.11478 0.09701 0.28891 0.28057 0.09806
0.11861 0.11288 0.09548 0.09510 0.28280 0.29514
0.33894 0.10752 0.09092 0.09060 0.09010 0.28192

observation: 6
0.40766 0.41151 0.23088 0.22251 0.22481 0.23342
0.14828 0.15273 0.17504 0.17063 0.08817 0.08800
0.14443 0.14331 0.16864 0.16949 0.17706 0.17472
0.19672 0.19184 0.21830 0.21736 0.22272 0.22924
0.06308 0.06391 0.16325 0.17084 0.17317 0.16141
0.03983 0.03670 0.04388 0.04917 0.11406 0.11320

======= iteration 1 =======
initial: 6
0.19872 0.09457 0.20142 0.21136 0.19692 0.09701

transition: 6
0.34406 0.32367 0.08533 0.08406 0.07918 0.08369
0.12259 0.34610 0.27236 0.08913 0.08238 0.08744
0.12078 0.11404 0.28956 0.28712 0.09230 0.09621
0.12017 0.11351 0.09705 0.28946 0.28215 0.09767
0.11569 0.10920 0.09366 0.09408 0.28987 0.29750
0.33441 0.10517 0.08972 0.09019 0.09331 0.28720

observation: 6
0.41648 0.42466 0.23171 0.21356 0.20850 0.22635
0.14680 0.15590 0.17839 0.16878 0.08627 0.08625
0.14234 0.13998 0.16962 0.17173 0.18032 0.17566
0.20317 0.19271 0.21655 0.21428 0.21675 0.23087
0.05591 0.05767 0.16701 0.18404 0.18070 0.15554
0.03530 0.02909 0.03672 0.04762 0.12745 0.12534

======= iteration 2 =======
initial: 6
0.18189 0.08584 0.20687 0.22605 0.20375 0.09560

transition: 6
0.35283 0.32892 0.08316 0.08099 0.07471 0.07939
0.12748 0.35708 0.26901 0.08667 0.07712 0.08263
0.12185 0.11414 0.29060 0.28759 0.09140 0.09442
0.11954 0.11199 0.09717 0.29070 0.28382 0.09677
0.11152 0.10409 0.09091 0.09271 0.30035 0.30042
0.32867 0.10210 0.08769 0.08945 0.09789 0.29421

observation: 6
0.42654 0.43935 0.23246 0.20315 0.18980 0.21727
0.14536 0.15922 0.18240 0.16676 0.08368 0.08417
0.13968 0.13585 0.17080 0.17472 0.18416 0.17728
0.21062 0.19363 0.21437 0.21045 0.21008 0.23310
0.04823 0.05092 0.17132 0.20028 0.18856 0.14840
0.02957 0.02103 0.02865 0.04464 0.14371 0.13978

======= iteration 3 =======
initial: 6
0.16700 0.07763 0.21117 0.24261 0.20880 0.09279

transition: 6
0.36389 0.33605 0.08057 0.07687 0.06878 0.07385
0.13359 0.37140 0.26522 0.08327 0.07016 0.07636
0.12372 0.11489 0.29243 0.28815 0.08944 0.09138
0.11894 0.11037 0.09750 0.29314 0.28497 0.09508
0.10605 0.09751 0.08705 0.09084 0.31497 0.30358
0.32169 0.09831 0.08461 0.08805 0.10416 0.30319

observation: 6
0.43740 0.45492 0.23287 0.19124 0.16893 0.20604
0.14388 0.16247 0.18702 0.16449 0.08047 0.08187
0.13636 0.13086 0.17213 0.17854 0.18886 0.17997
0.21922 0.19447 0.21154 0.20573 0.20274 0.23620
0.04033 0.04378 0.17602 0.22021 0.19657 0.13998
0.02281 0.01350 0.02041 0.03980 0.16243 0.15594

======= iteration 4 =======
initial: 6
0.15490 0.07025 0.21389 0.26092 0.21113 0.08892

transition: 6
0.37751 0.34515 0.07753 0.07162 0.06124 0.06695
0.14105 0.38906 0.26086 0.07888 0.06152 0.06862
0.12666 0.11639 0.29523 0.28887 0.08600 0.08685
0.11860 0.10876 0.09822 0.29753 0.28460 0.09229
0.09947 0.08973 0.08206 0.08828 0.33397 0.30649
0.31384 0.09397 0.08039 0.08560 0.11225 0.31395

observation: 6
0.44804 0.47014 0.23252 0.17781 0.14657 0.19268
0.14217 0.16543 0.19211 0.16175 0.07680 0.07952
0.13239 0.12515 0.17359 0.18303 0.19469 0.18419
0.22899 0.19522 0.20781 0.19983 0.19484 0.24049
0.03259 0.03654 0.18095 0.24451 0.20442 0.13043
0.01582 0.00752 0.01303 0.03307 0.18267 0.17270

======= iteration 5 =======
initial: 6
0.14643 0.06400 0.21467 0.28046 0.20986 0.08459

transition: 6
0.39350 0.35571 0.07409 0.06541 0.05239 0.05890
0.14972 0.40921 0.25586 0.07369 0.05177 0.05976
0.13076 0.11857 0.29893 0.29007 0.08089 0.08077
0.11869 0.10723 0.09946 0.30502 0.28144 0.08816
0.09227 0.08130 0.07611 0.08492 0.35680 0.30861
0.30592 0.08940 0.07514 0.08173 0.12190 0.32593

observation: 6
0.45692 0.48353 0.23097 0.16303 0.12385 0.17745
0.14004 0.16793 0.19744 0.15813 0.07294 0.07730
0.12802 0.11927 0.17527 0.18774 0.20173 0.19021
0.23983 0.19600 0.20288 0.19226 0.18656 0.24616
0.02548 0.02965 0.18606 0.27367 0.21145 0.11986
0.00971 0.00362 0.00738 0.02517 0.20347 0.18903

======= iteration 6 =======
initial: 6
0.14237 0.05916 0.21339 0.30012 0.20444 0.08052

transition: 6
0.41093 0.36673 0.07039 0.05867 0.04301 0.05027
0.15911 0.43015 0.25035 0.06811 0.04183 0.05045
0.13585 0.12110 0.30322 0.29223 0.07420 0.07341
0.11927 0.10569 0.10125 0.31693 0.27421 0.08264
0.08509 0.07290 0.06951 0.08068 0.38206 0.30977
0.29884 0.08493 0.06908 0.07617 0.13246 0.33853

observation: 6
0.46250 0.49382 0.22804 0.14737 0.10230 0.16098
0.13740 0.17000 0.20275 0.15309 0.06925 0.07535
0.12380 0.11406 0.17746 0.19186 0.20963 0.19785
0.25162 0.19705 0.19651 0.18245 0.17818 0.25309
0.01940 0.02355 0.19153 0.30787 0.21615 0.10817
0.00529 0.00152 0.00372 0.01735 0.22450 0.20455

======= iteration 7 =======
initial: 6
0.14332 0.05590 0.21029 0.31816 0.19490 0.07743

transition: 6
0.42835 0.37715 0.06667 0.05195 0.03407 0.04181
0.16846 0.44994 0.24484 0.06265 0.03265 0.04146
0.14146 0.12352 0.30767 0.29592 0.06625 0.06519
0.12029 0.10407 0.10351 0.33461 0.26165 0.07586
0.07860 0.06515 0.06257 0.07547 0.40776 0.31045
0.29327 0.08079 0.06246 0.06885 0.14309 0.35152

observation: 6
0.46392 0.50034 0.22383 0.13164 0.08341 0.14423
0.13431 0.17173 0.20776 0.14612 0.06619 0.07376
0.12047 0.11034 0.18051 0.19444 0.21768 0.20634
0.26412 0.19847 0.18846 0.17008 0.17030 0.26086
0.01457 0.01855 0.19775 0.34694 0.21596 0.09505
0.00261 0.00058 0.00169 0.01078 0.24646 0.21977

======= iteration 8 =======
initial: 6
0.14968 0.05418 0.20578 0.33225 0.18215 0.07596

transition: 6
0.44437 0.38634 0.06318 0.04566 0.02629 0.03416
0.17697 0.46717 0.23996 0.05771 0.02481 0.03338
0.14703 0.12540 0.31190 0.30152 0.05748 0.05667
0.12175 0.10237 0.10611 0.35905 0.24259 0.06813
0.07324 0.05847 0.05551 0.06907 0.43200 0.31171
0.28933 0.07708 0.05547 0.05991 0.15308 0.36512

observation: 6
0.46133 0.50326 0.21877 0.11674 0.06810 0.12818
0.13094 0.17323 0.21223 0.13694 0.06423 0.07260
0.11859 0.10852 0.18472 0.19476 0.22518 0.21441
0.27698 0.20011 0.17862 0.15536 0.16397 0.26893
0.01096 0.01466 0.20496 0.39016 0.20755 0.08023
0.00121 0.00021 0.00071 0.00604 0.27097 0.23566

======= iteration 9 =======
initial: 6
0.16152 0.05377 0.20010 0.33991 0.16803 0.07666

transition: 6
0.45816 0.39420 0.06007 0.03999 0.01995 0.02764
0.18416 0.48128 0.23614 0.05343 0.01848 0.02650
0.15225 0.12653 0.31541 0.30901 0.04841 0.04839
0.12382 0.10070 0.10874 0.39027 0.21658 0.05989
0.06910 0.05292 0.04829 0.06102 0.45394 0.31473
0.28655 0.07371 0.04823 0.04969 0.16222 0.37960

observation: 6
0.45561 0.50339 0.21344 0.10339 0.05640 0.11343
0.12746 0.17459 0.21611 0.12573 0.06378 0.07198
0.11828 0.10853 0.19029 0.19280 0.23164 0.22076
0.28977 0.20169 0.16725 0.13918 0.16027 0.27673
0.00833 0.01172 0.21262 0.43583 0.18779 0.06398
0.00055 0.00008 0.00028 0.00307 0.30011 0.25312

======= iteration 10 =======
initial: 6
0.17835 0.05422 0.19327 0.33925 0.15488 0.08003

transition: 6
0.46946 0.40091 0.05732 0.03492 0.01506 0.02233
0.18991 0.49242 0.23336 0.04979 0.01361 0.02091
0.15719 0.12695 0.31749 0.31778 0.03972 0.04087
0.12689 0.09924 0.11073 0.42599 0.18536 0.05179
0.06575 0.04813 0.04071 0.05088 0.47473 0.31979
0.28401 0.07048 0.04088 0.03894 0.17107 0.39462

observation: 6
0.44787 0.50182 0.20852 0.09212 0.04765 0.10027
0.12403 0.17583 0.21976 0.11339 0.06503 0.07196
0.11925 0.10985 0.19733 0.18951 0.23628 0.22439
0.30216 0.20301 0.15514 0.12297 0.15957 0.28343
0.00643 0.00946 0.21915 0.48058 0.15630 0.04774
0.00025 0.00003 0.00011 0.00143 0.33517 0.27221

======= iteration 11 =======
initial: 6
0.19879 0.05495 0.18535 0.33016 0.14446 0.08629

transition: 6
0.47829 0.40672 0.05489 0.03044 0.01151 0.01816
0.19428 0.50102 0.23141 0.04671 0.01005 0.01653
0.16219 0.12688 0.31727 0.32685 0.03224 0.03456
0.13155 0.09816 0.11119 0.46078 0.15368 0.04465
0.06246 0.04362 0.03284 0.03920 0.49684 0.32504
0.28104 0.06731 0.03383 0.02884 0.18063 0.40836

observation: 6
0.43913 0.49955 0.20464 0.08328 0.04101 0.08904
0.12072 0.17695 0.22382 0.10127 0.06780 0.07257
0.12101 0.11180 0.20562 0.18642 0.23741 0.22514
0.31395 0.20400 0.14326 0.10827 0.16067 0.28789
0.00507 0.00769 0.22261 0.52012 0.11878 0.03388
0.00012 0.00001 0.00004 0.00063 0.37433 0.29149

======= iteration 12 =======
initial: 6
0.22058 0.05538 0.17692 0.31538 0.13667 0.09507

transition: 6
0.48471 0.41185 0.05280 0.02654 0.00907 0.01503
0.19732 0.50742 0.23025 0.04418 0.00759 0.01325
0.16743 0.12643 0.31434 0.33557 0.02652 0.02972
0.13819 0.09755 0.10952 0.48852 0.12708 0.03915
0.05888 0.03926 0.02550 0.02810 0.52106 0.32720
0.27813 0.06443 0.02768 0.02062 0.19113 0.41801

observation: 6
0.43012 0.49735 0.20201 0.07685 0.03593 0.08024
0.11754 0.17792 0.22884 0.09049 0.07146 0.07359
0.12311 0.11370 0.21445 0.18449 0.23372 0.22406
0.32508 0.20470 0.13226 0.09598 0.16123 0.28931
0.00410 0.00633 0.22242 0.55190 0.08541 0.02421
0.00006 0.00001 0.00002 0.00028 0.41224 0.30858

======= iteration 13 =======
initial: 6
0.24129 0.05514 0.16894 0.29950 0.12969 0.10544

transition: 6
0.48873 0.41656 0.05113 0.02323 0.00752 0.01283
0.19902 0.51186 0.23003 0.04218 0.00598 0.01092
0.17262 0.12546 0.30886 0.34403 0.02267 0.02636
0.14673 0.09721 0.10587 0.50640 0.10822 0.03557
0.05545 0.03546 0.01966 0.01972 0.54490 0.32482
0.27670 0.06224 0.02287 0.01482 0.20143 0.42193

observation: 6
0.42135 0.49578 0.20038 0.07234 0.03226 0.07419
0.11448 0.17874 0.23499 0.08140 0.07530 0.07450
0.12524 0.11512 0.22278 0.18352 0.22627 0.22287
0.33547 0.20507 0.12220 0.08609 0.15978 0.28799
0.00343 0.00528 0.21965 0.57651 0.06271 0.01878
0.00004 0.00000 0.00001 0.00014 0.44368 0.32167

======= iteration 14 =======
initial: 6
0.25928 0.05414 0.16210 0.28604 0.12182 0.11661

transition: 6
0.49058 0.42105 0.04989 0.02044 0.00662 0.01142
0.19951 0.51469 0.23083 0.04066 0.00497 0.00935
0.17737 0.12384 0.30134 0.35279 0.02035 0.02431
0.15669 0.09687 0.10087 0.51549 0.09634 0.03374
0.05281 0.03257 0.01558 0.01442 0.56523 0.31938
0.27756 0.06092 0.01941 0.01110 0.21007 0.42095

observation: 6
0.41313 0.49518 0.19936 0.06911 0.02986 0.07057
0.11155 0.17941 0.24221 0.07381 0.07885 0.07476
0.12728 0.11589 0.22989 0.18291 0.21762 0.22288
0.34504 0.20503 0.11280 0.07808 0.15676 0.28515
0.00298 0.00449 0.21574 0.59601 0.05003 0.01648
0.00002 0.00000 0.00001 0.00007 0.46687 0.33016

======= iteration 15 =======
initial: 6
0.27387 0.05248 0.15652 0.27603 0.11273 0.12837

transition: 6
0.49065 0.42547 0.04903 0.01807 0.00618 0.01062
0.19905 0.51636 0.23247 0.03945 0.00434 0.00833
0.18148 0.12158 0.29231 0.36227 0.01909 0.02327
0.16749 0.09631 0.09518 0.51854 0.08924 0.03325
0.05116 0.03061 0.01288 0.01130 0.58097 0.31308
0.28034 0.06028 0.01694 0.00875 0.21658 0.41711

observation: 6
0.40562 0.49567 0.19864 0.06667 0.02845 0.06872
0.10878 0.17994 0.25036 0.06738 0.08199 0.07417
0.12917 0.11601 0.23565 0.18224 0.20963 0.22457
0.35374 0.20451 0.10386 0.07138 0.15334 0.28222
0.00266 0.00387 0.21149 0.61227 0.04373 0.01615
0.00002 0.00000 0.00000 0.00005 0.48287 0.33417

======= iteration 16 =======
initial: 6
0.28506 0.05033 0.15194 0.26884 0.10290 0.14093

transition: 6
0.48937 0.42988 0.04846 0.01600 0.00603 0.01025
0.19797 0.51730 0.23469 0.03842 0.00395 0.00767
0.18502 0.11881 0.28217 0.37260 0.01849 0.02290
0.17868 0.09545 0.08931 0.51804 0.08487 0.03365
0.05031 0.02935 0.01104 0.00944 0.59272 0.30714
0.28414 0.06007 0.01508 0.00719 0.22139 0.41213

observation: 6
0.39882 0.49713 0.19802 0.06469 0.02769 0.06801
0.10620 0.18028 0.25924 0.06183 0.08477 0.07287
0.13091 0.11563 0.24031 0.18143 0.20279 0.22781
0.36162 0.20360 0.09530 0.06559 0.15022 0.28009
0.00244 0.00337 0.20712 0.62643 0.04072 0.01702
0.00001 0.00000 0.00000 0.00003 0.49381 0.33420

======= iteration 17 =======
initial: 6
0.29322 0.04790 0.14812 0.26347 0.09278 0.15451

transition: 6
0.48712 0.43430 0.04812 0.01418 0.00610 0.01019
0.19658 0.51785 0.23719 0.03747 0.00368 0.00724
0.18816 0.11572 0.27121 0.38371 0.01826 0.02294
0.18991 0.09429 0.08361 0.51575 0.08184 0.03460
0.05002 0.02856 0.00970 0.00827 0.60159 0.30187
0.28817 0.06006 0.01356 0.00607 0.22522 0.40693

observation: 6
0.39264 0.49935 0.19739 0.06300 0.02729 0.06800
0.10381 0.18040 0.26866 0.05695 0.08729 0.07113
0.13251 0.11488 0.24418 0.18047 0.19695 0.23232
0.36875 0.20242 0.08716 0.06044 0.14750 0.27909
0.00227 0.00295 0.20261 0.63911 0.03921 0.01863
0.00001 0.00000 0.00000 0.00002 0.50176 0.33084

======= iteration 18 =======
initial: 6
0.29883 0.04536 0.14486 0.25907 0.08257 0.16930

transition: 6
0.48415 0.43869 0.04798 0.01256 0.00631 0.01032
0.19507 0.51821 0.23977 0.03653 0.00349 0.00694
0.19111 0.11248 0.25961 0.39537 0.01820 0.02322
0.20086 0.09286 0.07831 0.51269 0.07937 0.03591
0.05008 0.02809 0.00864 0.00747 0.60849 0.29722
0.29197 0.06013 0.01225 0.00519 0.22863 0.40183

observation: 6
0.38699 0.50208 0.19668 0.06153 0.02708 0.06844
0.10164 0.18030 0.27841 0.05262 0.08961 0.06918
0.13399 0.11389 0.24750 0.17940 0.19173 0.23782
0.37524 0.20113 0.07949 0.05579 0.14501 0.27919
0.00213 0.00260 0.19793 0.65064 0.03827 0.02073
0.00001 0.00000 0.00000 0.00002 0.50829 0.32465

======= iteration 19 =======
initial: 6
0.30231 0.04284 0.14206 0.25510 0.07233 0.18535

transition: 6
0.48064 0.44301 0.04800 0.01113 0.00663 0.01059
0.19357 0.51850 0.24230 0.03557 0.00333 0.00672
0.19407 0.10922 0.24755 0.40733 0.01820 0.02364
0.21127 0.09122 0.07354 0.50946 0.07704 0.03747
0.05040 0.02787 0.00776 0.00690 0.61405 0.29302
0.29532 0.06024 0.01106 0.00447 0.23202 0.39688

observation: 6
0.38179 0.50513 0.19585 0.06024 0.02695 0.06919
0.09970 0.17996 0.28831 0.04879 0.09174 0.06720
0.13536 0.11278 0.25045 0.17825 0.18687 0.24410
0.38114 0.19982 0.07234 0.05152 0.14251 0.28030
0.00201 0.00230 0.19306 0.66119 0.03751 0.02314
0.00001 0.00000 0.00000 0.00001 0.51442 0.31608

======= iteration 20 =======
initial: 6
0.30399 0.04043 0.13962 0.25120 0.06212 0.20263

transition: 6
0.47669 0.44723 0.04818 0.00987 0.00706 0.01097
0.19218 0.51880 0.24467 0.03461 0.00319 0.00656
0.19717 0.10605 0.23517 0.41930 0.01819 0.02413
0.22093 0.08942 0.06936 0.50638 0.07467 0.03925
0.05092 0.02787 0.00702 0.00646 0.61861 0.28913
0.29816 0.06038 0.00998 0.00386 0.23564 0.39198

observation: 6
0.37701 0.50833 0.19490 0.05914 0.02683 0.07021
0.09798 0.17941 0.29819 0.04539 0.09368 0.06531
0.13661 0.11162 0.25311 0.17702 0.18215 0.25100
0.38649 0.19860 0.06575 0.04759 0.13983 0.28227
0.00190 0.00204 0.18804 0.67085 0.03675 0.02577
0.00001 0.00000 0.00000 0.00001 0.52076 0.30543

======= iteration 21 =======
initial: 6
0.30410 0.03817 0.13749 0.24720 0.05206 0.22099

transition: 6
0.47239 0.45132 0.04854 0.00877 0.00757 0.01142
0.19091 0.51912 0.24684 0.03365 0.00306 0.00643
0.20054 0.10304 0.22262 0.43101 0.01812 0.02467
0.22966 0.08753 0.06580 0.50359 0.07215 0.04128
0.05163 0.02807 0.00636 0.00612 0.62237 0.28545
0.30047 0.06055 0.00898 0.00332 0.23967 0.38701

observation: 6
0.37261 0.51155 0.19386 0.05824 0.02668 0.07147
0.09650 0.17868 0.30792 0.04240 0.09541 0.06360
0.13773 0.11047 0.25555 0.17571 0.17748 0.25839
0.39134 0.19749 0.05972 0.04397 0.13686 0.28503
0.00181 0.00182 0.18295 0.67966 0.03594 0.02855
0.00001 0.00000 0.00000 0.00001 0.52764 0.29296

======= iteration 22 =======
initial: 6
0.30279 0.03609 0.13558 0.24301 0.04235 0.24016

transition: 6
0.46778 0.45525 0.04906 0.00782 0.00815 0.01193
0.18978 0.51947 0.24880 0.03270 0.00292 0.00633
0.20426 0.10025 0.21004 0.44224 0.01797 0.02524
0.23736 0.08560 0.06286 0.50116 0.06942 0.04360
0.05255 0.02849 0.00579 0.00583 0.62540 0.28193
0.30228 0.06075 0.00807 0.00285 0.24422 0.38184

observation: 6
0.36859 0.51470 0.19274 0.05755 0.02648 0.07293
0.09523 0.17779 0.31737 0.03979 0.09690 0.06211
0.13872 0.10935 0.25778 0.17433 0.17281 0.26616
0.39571 0.19652 0.05425 0.04063 0.13355 0.28850
0.00173 0.00163 0.17787 0.68769 0.03507 0.03144
0.00001 0.00000 0.00000 0.00001 0.53519 0.27887

======= iteration 23 =======
initial: 6
0.30023 0.03422 0.13386 0.23862 0.03328 0.25979

transition: 6
0.46291 0.45903 0.04976 0.00699 0.00882 0.01249
0.18877 0.51986 0.25055 0.03179 0.00278 0.00624
0.20840 0.09768 0.19758 0.45277 0.01773 0.02584
0.24398 0.08367 0.06052 0.49909 0.06647 0.04628
0.05371 0.02914 0.00527 0.00560 0.62774 0.27854
0.30360 0.06097 0.00724 0.00244 0.24939 0.37637

observation: 6
0.36494 0.51773 0.19156 0.05707 0.02622 0.07459
0.09416 0.17678 0.32646 0.03752 0.09814 0.06088
0.13957 0.10832 0.25981 0.17288 0.16814 0.27418
0.39967 0.19570 0.04931 0.03755 0.12991 0.29259
0.00166 0.00147 0.17286 0.69498 0.03417 0.03439
0.00001 0.00000 0.00000 0.00000 0.54342 0.26337

======= iteration 24 =======
initial: 6
0.29655 0.03256 0.13227 0.23406 0.02514 0.27942

transition: 6
0.45781 0.46264 0.05065 0.00629 0.00954 0.01307
0.18788 0.52028 0.25211 0.03093 0.00263 0.00618
0.21298 0.09536 0.18534 0.46246 0.01740 0.02647
0.24950 0.08176 0.05874 0.49735 0.06326 0.04938
0.05513 0.03003 0.00482 0.00539 0.62937 0.27526
0.30447 0.06121 0.00648 0.00207 0.25527 0.37050

observation: 6
0.36164 0.52060 0.19036 0.05679 0.02590 0.07642
0.09325 0.17567 0.33513 0.03556 0.09912 0.05993
0.14025 0.10739 0.26164 0.17135 0.16350 0.28235
0.40325 0.19501 0.04487 0.03470 0.12595 0.29725
0.00160 0.00134 0.16799 0.70159 0.03326 0.03737
0.00001 0.00000 0.00000 0.00000 0.55227 0.24668

======= iteration 25 =======
initial: 6
0.29193 0.03111 0.13078 0.22939 0.01818 0.29861

transition: 6
0.45252 0.46610 0.05171 0.00568 0.01033 0.01366
0.18707 0.52070 0.25350 0.03014 0.00248 0.00612
0.21800 0.09328 0.17343 0.47119 0.01696 0.02713
0.25394 0.07991 0.05746 0.49589 0.05981 0.05299
0.05684 0.03118 0.00440 0.00520 0.63028 0.27210
0.30491 0.06146 0.00580 0.00175 0.26190 0.36418

observation: 6
0.35868 0.52328 0.18916 0.05671 0.02552 0.07839
0.09248 0.17449 0.34335 0.03388 0.09983 0.05927
0.14075 0.10656 0.26330 0.16976 0.15894 0.29054
0.40653 0.19444 0.04089 0.03206 0.12174 0.30238
0.00155 0.00123 0.16330 0.70759 0.03235 0.04035
0.00001 0.00000 0.00000 0.00000 0.56163 0.22906

======= iteration 26 =======
initial: 6
0.28657 0.02987 0.12936 0.22468 0.01253 0.31699

transition: 6
0.44705 0.46942 0.05297 0.00516 0.01116 0.01424
0.18631 0.52113 0.25475 0.02941 0.00231 0.00608
0.22348 0.09142 0.16195 0.47890 0.01644 0.02782
0.25736 0.07810 0.05662 0.49465 0.05610 0.05717
0.05884 0.03258 0.00403 0.00502 0.63046 0.26906
0.30496 0.06170 0.00519 0.00146 0.26934 0.35736

observation: 6
0.35605 0.52577 0.18798 0.05681 0.02508 0.08046
0.09180 0.17326 0.35109 0.03243 0.10030 0.05890
0.14108 0.10587 0.26479 0.16809 0.15450 0.29864
0.40955 0.19397 0.03733 0.02961 0.11731 0.30789
0.00151 0.00113 0.15880 0.71305 0.03146 0.04331
0.00001 0.00000 0.00000 0.00000 0.57135 0.21079

======= iteration 27 =======
initial: 6
0.28066 0.02884 0.12801 0.22002 0.00821 0.33427

transition: 6
0.44143 0.47262 0.05441 0.00472 0.01202 0.01480
0.18559 0.52155 0.25589 0.02877 0.00215 0.00606
0.22937 0.08976 0.15095 0.48555 0.01583 0.02853
0.25979 0.07634 0.05618 0.49356 0.05216 0.06197
0.06115 0.03425 0.00369 0.00485 0.62987 0.26619
0.30462 0.06191 0.00465 0.00122 0.27758 0.35002

observation: 6
0.35372 0.52807 0.18685 0.05708 0.02459 0.08258
0.09120 0.17200 0.35837 0.03120 0.10055 0.05880
0.14122 0.10530 0.26613 0.16636 0.15022 0.30655
0.41238 0.19357 0.03415 0.02732 0.11271 0.31370
0.00147 0.00105 0.15450 0.71805 0.03063 0.04623
0.00001 0.00000 0.00000 0.00000 0.58130 0.19214

======= iteration 28 =======
initial: 6
0.27440 0.02800 0.12672 0.21547 0.00510 0.35031

transition: 6
0.43570 0.47572 0.05604 0.00433 0.01289 0.01531
0.18488 0.52194 0.25695 0.02820 0.00198 0.00604
0.23567 0.08829 0.14048 0.49113 0.01516 0.02927
0.26129 0.07464 0.05608 0.49256 0.04803 0.06741
0.06375 0.03616 0.00338 0.00468 0.62853 0.26350
0.30396 0.06207 0.00416 0.00102 0.28662 0.34217

observation: 6
0.35166 0.53019 0.18577 0.05749 0.02406 0.08468
0.09062 0.17072 0.36520 0.03013 0.10062 0.05894
0.14119 0.10487 0.26734 0.16455 0.14612 0.31421
0.41508 0.19323 0.03132 0.02517 0.10801 0.31968
0.00144 0.00099 0.15037 0.72266 0.02985 0.04909
0.00000 0.00000 0.00000 0.00000 0.59135 0.17341

======= iteration 29 =======
initial: 6
0.26796 0.02737 0.12550 0.21110 0.00299 0.36507

transition: 6
0.42987 0.47876 0.05786 0.00400 0.01373 0.01577
0.18417 0.52231 0.25796 0.02772 0.00181 0.00604
0.24234 0.08697 0.13057 0.49568 0.01445 0.03000
0.26191 0.07300 0.05626 0.49160 0.04376 0.07347
0.06661 0.03829 0.00310 0.00450 0.62644 0.26106
0.30302 0.06217 0.00374 0.00084 0.29638 0.33384

observation: 6
0.34987 0.53214 0.18476 0.05802 0.02349 0.08670
0.09005 0.16943 0.37160 0.02922 0.10053 0.05929
0.14097 0.10457 0.26844 0.16267 0.14223 0.32153
0.41769 0.19292 0.02880 0.02314 0.10324 0.32572
0.00142 0.00093 0.14641 0.72695 0.02914 0.05186
0.00000 0.00000 0.00000 0.00000 0.60137 0.15490

======= iteration 30 =======
initial: 6
0.26148 0.02692 0.12439 0.20696 0.00166 0.37859

transition: 6
0.42397 0.48176 0.05988 0.00372 0.01453 0.01615
0.18344 0.52262 0.25893 0.02731 0.00165 0.00605
0.24935 0.08580 0.12123 0.49921 0.01370 0.03072
0.26173 0.07140 0.05667 0.49065 0.03946 0.08008
0.06968 0.04059 0.00284 0.00433 0.62366 0.25891
0.30190 0.06221 0.00337 0.00070 0.30675 0.32508

observation: 6
0.34830 0.53392 0.18383 0.05867 0.02290 0.08859
0.08945 0.16814 0.37759 0.02842 0.10031 0.05985
0.14058 0.10441 0.26946 0.16073 0.13855 0.32846
0.42026 0.19264 0.02654 0.02121 0.09848 0.33169
0.00140 0.00089 0.14258 0.73098 0.02850 0.05452
0.00000 0.00000 0.00000 0.00000 0.61126 0.13689

======= iteration 31 =======
initial: 6
0.25509 0.02665 0.12338 0.20307 0.00087 0.39094

transition: 6
0.41802 0.48473 0.06208 0.00347 0.01525 0.01645
0.18268 0.52289 0.25988 0.02698 0.00149 0.00607
0.25667 0.08474 0.11247 0.50176 0.01295 0.03141
0.26082 0.06988 0.05728 0.48968 0.03521 0.08713
0.07288 0.04299 0.00259 0.00416 0.62025 0.25713
0.30069 0.06218 0.00304 0.00057 0.31752 0.31599

observation: 6
0.34693 0.53553 0.18297 0.05941 0.02229 0.09030
0.08880 0.16685 0.38320 0.02771 0.10000 0.06059
0.14004 0.10439 0.27041 0.15873 0.13509 0.33493
0.42283 0.19238 0.02454 0.01939 0.09378 0.33743
0.00139 0.00085 0.13888 0.73476 0.02794 0.05708
0.00000 0.00000 0.00000 0.00000 0.62090 0.11967

======= iteration 32 =======
initial: 6
0.24885 0.02656 0.12252 0.19946 0.00043 0.40218

transition: 6
0.41203 0.48769 0.06448 0.00325 0.01587 0.01667
0.18189 0.52310 0.26083 0.02673 0.00134 0.00610
0.26429 0.08379 0.10429 0.50338 0.01221 0.03205
0.25926 0.06842 0.05806 0.48871 0.03113 0.09442
0.07614 0.04543 0.00236 0.00398 0.61633 0.25575
0.29953 0.06210 0.00275 0.00047 0.32845 0.30670

observation: 6
0.34576 0.53700 0.18218 0.06023 0.02167 0.09180
0.08809 0.16557 0.38844 0.02708 0.09960 0.06150
0.13934 0.10450 0.27133 0.15670 0.13187 0.34087
0.42544 0.19212 0.02275 0.01768 0.08922 0.34280
0.00138 0.00082 0.13529 0.73831 0.02747 0.05952
0.00000 0.00000 0.00000 0.00000 0.63017 0.10351

======= iteration 33 =======
initial: 6
0.24284 0.02663 0.12181 0.19612 0.00020 0.41239

transition: 6
0.40602 0.49064 0.06708 0.00306 0.01638 0.01682
0.18106 0.52324 0.26180 0.02655 0.00121 0.00615
0.27219 0.08293 0.09666 0.50411 0.01150 0.03262
0.25718 0.06704 0.05896 0.48775 0.02733 0.10175
0.07935 0.04781 0.00215 0.00380 0.61205 0.25484
0.29854 0.06198 0.00250 0.00039 0.33922 0.29737

observation: 6
0.34475 0.53832 0.18144 0.06113 0.02105 0.09306
0.08728 0.16430 0.39336 0.02650 0.09914 0.06256
0.13849 0.10474 0.27222 0.15468 0.12889 0.34622
0.42810 0.19185 0.02117 0.01606 0.08487 0.34767
0.00137 0.00079 0.13181 0.74162 0.02707 0.06185
0.00000 0.00000 0.00000 0.00000 0.63898 0.08863

======= iteration 34 =======
initial: 6
0.23707 0.02687 0.12127 0.19307 0.00009 0.42163

transition: 6
0.39998 0.49357 0.06988 0.00290 0.01678 0.01690
0.18018 0.52330 0.26279 0.02643 0.00108 0.00623
0.28034 0.08213 0.08958 0.50399 0.01083 0.03312
0.25468 0.06575 0.05996 0.48683 0.02388 0.10890
0.08239 0.05006 0.00195 0.00362 0.60756 0.25442
0.29785 0.06184 0.00228 0.00033 0.34953 0.28818

observation: 6
0.34389 0.53951 0.18075 0.06210 0.02044 0.09409
0.08637 0.16306 0.39798 0.02596 0.09864 0.06376
0.13751 0.10510 0.27309 0.15272 0.12619 0.35092
0.43086 0.19156 0.01975 0.01456 0.08078 0.35193
0.00137 0.00077 0.12843 0.74466 0.02674 0.06408
0.00000 0.00000 0.00000 0.00000 0.64722 0.07521

======= iteration 35 =======
initial: 6
0.23155 0.02726 0.12090 0.19031 0.00004 0.42994

transition: 6
0.39390 0.49646 0.07289 0.00275 0.01707 0.01693
0.17925 0.52327 0.26381 0.02638 0.00097 0.00632
0.28874 0.08139 0.08302 0.50309 0.01023 0.03354
0.25191 0.06456 0.06105 0.48598 0.02083 0.11567
0.08518 0.05210 0.00177 0.00344 0.60304 0.25447
0.29754 0.06169 0.00209 0.00027 0.35908 0.27933

observation: 6
0.34317 0.54059 0.18009 0.06311 0.01985 0.09488
0.08534 0.16185 0.40232 0.02545 0.09811 0.06507
0.13639 0.10558 0.27393 0.15086 0.12377 0.35493
0.43374 0.19124 0.01849 0.01318 0.07699 0.35552
0.00137 0.00075 0.12517 0.74740 0.02646 0.06623
0.00000 0.00000 0.00000 0.00000 0.65481 0.06336

======= iteration 36 =======
initial: 6
0.22628 0.02779 0.12069 0.18781 0.00002 0.43740

transition: 6
0.38779 0.49931 0.07609 0.00262 0.01726 0.01693
0.17827 0.52316 0.26488 0.02638 0.00087 0.00643
0.29736 0.08069 0.07695 0.50145 0.00968 0.03388
0.24897 0.06347 0.06220 0.48524 0.01822 0.12190
0.08764 0.05388 0.00160 0.00325 0.59863 0.25500
0.29766 0.06155 0.00191 0.00023 0.36766 0.27099

observation: 6
0.34259 0.54158 0.17942 0.06416 0.01928 0.09547
0.08417 0.16067 0.40644 0.02497 0.09759 0.06644
0.13512 0.10616 0.27474 0.14915 0.12165 0.35826
0.43674 0.19086 0.01736 0.01190 0.07353 0.35843
0.00138 0.00073 0.12203 0.74981 0.02623 0.06832
0.00000 0.00000 0.00000 0.00000 0.66172 0.05308

======= iteration 37 =======
initial: 6
0.22122 0.02847 0.12065 0.18558 0.00001 0.44408

transition: 6
0.38162 0.50208 0.07951 0.00250 0.01738 0.01691
0.17725 0.52295 0.26600 0.02644 0.00078 0.00658
0.30617 0.08001 0.07134 0.49913 0.00921 0.03414
0.24598 0.06248 0.06340 0.48464 0.01601 0.12749
0.08971 0.05540 0.00145 0.00306 0.59444 0.25594
0.29823 0.06142 0.00176 0.00019 0.37514 0.26327

observation: 6
0.34214 0.54250 0.17874 0.06525 0.01876 0.09588
0.08287 0.15953 0.41037 0.02451 0.09708 0.06783
0.13372 0.10682 0.27551 0.14764 0.11982 0.36092
0.43989 0.19042 0.01636 0.01075 0.07039 0.36069
0.00138 0.00072 0.11902 0.75186 0.02602 0.07036
0.00000 0.00000 0.00000 0.00000 0.66794 0.04432

======= iteration 38 =======
initial: 6
0.21633 0.02927 0.12074 0.18359 0.00000 0.45007

transition: 6
0.37538 0.50477 0.08313 0.00239 0.01743 0.01689
0.17616 0.52265 0.26718 0.02655 0.00070 0.00675
0.31516 0.07934 0.06617 0.49620 0.00880 0.03432
0.24301 0.06158 0.06463 0.48419 0.01418 0.13241
0.09137 0.05664 0.00131 0.00287 0.59055 0.25726
0.29921 0.06129 0.00162 0.00016 0.38146 0.25625

observation: 6
0.34183 0.54339 0.17802 0.06634 0.01827 0.09614
0.08142 0.15844 0.41415 0.02406 0.09659 0.06921
0.13216 0.10756 0.27622 0.14633 0.11827 0.36298
0.44320 0.18990 0.01545 0.00970 0.06758 0.36236
0.00139 0.00071 0.11615 0.75356 0.02581 0.07237
0.00000 0.00000 0.00000 0.00000 0.67347 0.03694

======= iteration 39 =======
initial: 6
0.21156 0.03020 0.12096 0.18182 0.00000 0.45546

transition: 6
0.36905 0.50735 0.08697 0.00229 0.01745 0.01688
0.17503 0.52226 0.26841 0.02672 0.00063 0.00695
0.32431 0.07867 0.06141 0.49273 0.00845 0.03443
0.24011 0.06076 0.06588 0.48391 0.01268 0.13666
0.09261 0.05764 0.00118 0.00268 0.58699 0.25889
0.30058 0.06115 0.00150 0.00014 0.38668 0.24996

observation: 6
0.34165 0.54427 0.17725 0.06744 0.01783 0.09627
0.07983 0.15739 0.41784 0.02364 0.09615 0.07053
0.13045 0.10835 0.27687 0.14525 0.11698 0.36453
0.44666 0.18928 0.01464 0.00875 0.06507 0.36352
0.00141 0.00070 0.11341 0.75492 0.02560 0.07436
0.00000 0.00000 0.00000 0.00000 0.67838 0.03078

======= iteration 40 =======
initial: 6
0.20687 0.03125 0.12128 0.18024 0.00000 0.46035

transition: 6
0.36262 0.50982 0.09104 0.00220 0.01744 0.01688
0.17384 0.52178 0.26969 0.02693 0.00058 0.00718
0.33357 0.07798 0.05703 0.48879 0.00815 0.03447
0.23734 0.06000 0.06713 0.48380 0.01145 0.14029
0.09346 0.05844 0.00106 0.00249 0.58376 0.26078
0.30227 0.06100 0.00139 0.00011 0.39085 0.24438

observation: 6
0.34162 0.54517 0.17642 0.06854 0.01744 0.09631
0.07809 0.15638 0.42145 0.02324 0.09574 0.07178
0.12857 0.10920 0.27744 0.14438 0.11593 0.36565
0.45029 0.18855 0.01390 0.00790 0.06283 0.36426
0.00142 0.00070 0.11079 0.75594 0.02535 0.07631
0.00000 0.00000 0.00000 0.00000 0.68272 0.02568

======= iteration 41 =======
initial: 6
0.20221 0.03242 0.12169 0.17884 0.00000 0.46484

transition: 6
0.35609 0.51217 0.09533 0.00212 0.01741 0.01688
0.17262 0.52120 0.27103 0.02718 0.00052 0.00744
0.34294 0.07727 0.05300 0.48444 0.00790 0.03445
0.23468 0.05929 0.06836 0.48386 0.01044 0.14337
0.09394 0.05907 0.00096 0.00230 0.58086 0.26288
0.30423 0.06082 0.00128 0.00010 0.39411 0.23947

observation: 6
0.34173 0.54610 0.17552 0.06961 0.01709 0.09628
0.07622 0.15540 0.42503 0.02286 0.09539 0.07294
0.12653 0.11010 0.27794 0.14373 0.11508 0.36644
0.45408 0.18771 0.01323 0.00713 0.06084 0.36465
0.00144 0.00069 0.10829 0.75667 0.02506 0.07823
0.00000 0.00000 0.00000 0.00000 0.68655 0.02146

======= iteration 42 =======
initial: 6
0.19753 0.03370 0.12217 0.17759 0.00000 0.46901

transition: 6
0.34945 0.51438 0.09985 0.00204 0.01737 0.01690
0.17135 0.52054 0.27242 0.02748 0.00048 0.00773
0.35238 0.07653 0.04929 0.47975 0.00768 0.03436
0.23216 0.05862 0.06957 0.48408 0.00961 0.14596
0.09408 0.05957 0.00086 0.00212 0.57825 0.26512
0.30640 0.06060 0.00119 0.00008 0.39656 0.23518

observation: 6
0.34198 0.54708 0.17456 0.07066 0.01678 0.09619
0.07421 0.15444 0.42859 0.02251 0.09509 0.07401
0.12432 0.11104 0.27836 0.14328 0.11440 0.36697
0.45804 0.18675 0.01262 0.00644 0.05907 0.36477
0.00145 0.00069 0.10588 0.75712 0.02473 0.08010
0.00000 0.00000 0.00000 0.00000 0.68994 0.01796

======= iteration 43 =======
initial: 6
0.19282 0.03509 0.12269 0.17648 0.00000 0.47292

transition: 6
0.34271 0.51645 0.10461 0.00197 0.01733 0.01693
0.17005 0.51979 0.27384 0.02783 0.00044 0.00805
0.36187 0.07575 0.04588 0.47478 0.00750 0.03421
0.22976 0.05797 0.07074 0.48444 0.00893 0.14815
0.09391 0.06000 0.00078 0.00194 0.57590 0.26749
0.30874 0.06034 0.00110 0.00007 0.39833 0.23143

observation: 6
0.34238 0.54812 0.17353 0.07167 0.01651 0.09606
0.07207 0.15350 0.43215 0.02219 0.09483 0.07497
0.12193 0.11202 0.27871 0.14302 0.11386 0.36732
0.46214 0.18568 0.01206 0.00581 0.05749 0.36467
0.00146 0.00068 0.10356 0.75731 0.02435 0.08191
0.00000 0.00000 0.00000 0.00000 0.69296 0.01507

======= iteration 44 =======
initial: 6
0.18804 0.03659 0.12325 0.17548 0.00000 0.47664

transition: 6
0.33587 0.51837 0.10961 0.00190 0.01727 0.01697
0.16873 0.51895 0.27528 0.02823 0.00040 0.00840
0.37139 0.07494 0.04275 0.46958 0.00734 0.03399
0.22747 0.05734 0.07186 0.48495 0.00836 0.15001
0.09346 0.06037 0.00070 0.00176 0.57378 0.26993
0.31120 0.06003 0.00102 0.00006 0.39952 0.22817

observation: 6
0.34293 0.54921 0.17244 0.07265 0.01627 0.09589
0.06982 0.15257 0.43572 0.02191 0.09463 0.07585
0.11938 0.11304 0.27899 0.14292 0.11343 0.36753
0.46639 0.18449 0.01154 0.00524 0.05608 0.36440
0.00148 0.00068 0.10131 0.75729 0.02393 0.08366
0.00000 0.00000 0.00000 0.00000 0.69567 0.01266

======= iteration 45 =======
initial: 6
0.18319 0.03821 0.12381 0.17458 0.00000 0.48020

transition: 6
0.32894 0.52014 0.11486 0.00184 0.01721 0.01701
0.16740 0.51804 0.27674 0.02867 0.00037 0.00878
0.38089 0.07409 0.03988 0.46422 0.00721 0.03371
0.22528 0.05672 0.07294 0.48559 0.00788 0.15160
0.09275 0.06071 0.00063 0.00160 0.57186 0.27244
0.31377 0.05967 0.00094 0.00005 0.40023 0.22533

observation: 6
0.34363 0.55037 0.17129 0.07359 0.01606 0.09570
0.06746 0.15165 0.43931 0.02166 0.09447 0.07663
0.11665 0.11410 0.27921 0.14297 0.11309 0.36766
0.47077 0.18320 0.01107 0.00472 0.05482 0.36401
0.00149 0.00068 0.09911 0.75706 0.02346 0.08534
0.00000 0.00000 0.00000 0.00000 0.69810 0.01066

======= iteration 46 =======
initial: 6
0.17824 0.03995 0.12436 0.17379 0.00000 0.48365

transition: 6
0.32195 0.52173 0.12034 0.00178 0.01715 0.01706
0.16606 0.51705 0.27820 0.02916 0.00034 0.00918
0.39036 0.07320 0.03725 0.45873 0.00709 0.03336
0.22317 0.05609 0.07395 0.48634 0.00747 0.15298
0.09182 0.06106 0.00057 0.00144 0.57011 0.27499
0.31641 0.05926 0.00087 0.00004 0.40055 0.22287

observation: 6
0.34447 0.55160 0.17011 0.07448 0.01588 0.09550
0.06501 0.15071 0.44291 0.02146 0.09435 0.07734
0.11376 0.11522 0.27938 0.14316 0.11282 0.36773
0.47526 0.18180 0.01064 0.00425 0.05368 0.36352
0.00150 0.00067 0.09696 0.75664 0.02296 0.08693
0.00000 0.00000 0.00000 0.00000 0.70031 0.00898

======= iteration 47 =======
initial: 6
0.17321 0.04181 0.12488 0.17309 0.00000 0.48700

transition: 6
0.31490 0.52315 0.12606 0.00172 0.01707 0.01710
0.16474 0.51599 0.27964 0.02970 0.00032 0.00961
0.39976 0.07227 0.03485 0.45318 0.00698 0.03295
0.22114 0.05546 0.07489 0.48721 0.00712 0.15419
0.09069 0.06143 0.00052 0.00130 0.56850 0.27756
0.31911 0.05878 0.00080 0.00004 0.40054 0.22073

observation: 6
0.34547 0.55287 0.16891 0.07534 0.01572 0.09527
0.06248 0.14977 0.44652 0.02131 0.09427 0.07797
0.11072 0.11638 0.27949 0.14348 0.11260 0.36776
0.47983 0.18031 0.01024 0.00383 0.05266 0.36297
0.00150 0.00067 0.09484 0.75604 0.02242 0.08845
0.00000 0.00000 0.00000 0.00000 0.70233 0.00758

======= iteration 48 =======
initial: 6
0.16809 0.04379 0.12535 0.17249 0.00000 0.49028

transition: 6
0.30783 0.52439 0.13200 0.00166 0.01698 0.01714
0.16344 0.51486 0.28105 0.03030 0.00029 0.01007
0.40904 0.07131 0.03266 0.44761 0.00689 0.03249
0.21917 0.05482 0.07577 0.48817 0.00681 0.15526
0.08936 0.06183 0.00047 0.00116 0.56702 0.28015
0.32185 0.05825 0.00074 0.00003 0.40027 0.21887

observation: 6
0.34661 0.55419 0.16769 0.07616 0.01559 0.09504
0.05989 0.14881 0.45014 0.02121 0.09422 0.07854
0.10753 0.11758 0.27956 0.14391 0.11241 0.36776
0.48446 0.17874 0.00988 0.00344 0.05173 0.36240
0.00151 0.00067 0.09274 0.75529 0.02187 0.08987
0.00000 0.00000 0.00000 0.00000 0.70419 0.00640

======= iteration 49 =======
initial: 6
0.16289 0.04590 0.12574 0.17197 0.00000 0.49350

transition: 6
0.30077 0.52543 0.13814 0.00161 0.01688 0.01717
0.16218 0.51366 0.28240 0.03094 0.00027 0.01055
0.41818 0.07033 0.03067 0.44207 0.00680 0.03196
0.21727 0.05417 0.07657 0.48922 0.00654 0.15624
0.08786 0.06228 0.00043 0.00104 0.56564 0.28275
0.32461 0.05766 0.00068 0.00003 0.39976 0.21727

observation: 6
0.34790 0.55555 0.16648 0.07693 0.01547 0.09480
0.05726 0.14783 0.45375 0.02116 0.09420 0.07904
0.10421 0.11884 0.27957 0.14446 0.11224 0.36774
0.48912 0.17711 0.00954 0.00308 0.05088 0.36181
0.00151 0.00066 0.09066 0.75437 0.02130 0.09121
0.00000 0.00000 0.00000 0.00000 0.70591 0.00540

======= iteration 50 =======
initial: 6
0.15763 0.04813 0.12603 0.17155 0.00000 0.49666

transition: 6
0.29375 0.52628 0.14445 0.00156 0.01676 0.01720
0.16095 0.51239 0.28369 0.03165 0.00025 0.01107
0.42711 0.06932 0.02886 0.43661 0.00671 0.03139
0.21542 0.05351 0.07729 0.49035 0.00630 0.15714
0.08621 0.06277 0.00039 0.00093 0.56435 0.28536
0.32738 0.05701 0.00063 0.00002 0.39907 0.21588

observation: 6
0.34935 0.55693 0.16529 0.07767 0.01537 0.09455
0.05461 0.14684 0.45734 0.02117 0.09422 0.07949
0.10077 0.12015 0.27954 0.14510 0.11208 0.36770
0.49376 0.17542 0.00924 0.00276 0.05011 0.36124
0.00151 0.00066 0.08858 0.75330 0.02072 0.09245
0.00000 0.00000 0.00000 0.00000 0.70750 0.00456

======= iteration 51 =======
initial: 6
0.15231 0.05049 0.12621 0.17121 0.00000 0.49978

transition: 6
0.28682 0.52694 0.15090 0.00151 0.01662 0.01721
0.15978 0.51108 0.28490 0.03240 0.00023 0.01161
0.43580 0.06829 0.02723 0.43127 0.00664 0.03078
0.21361 0.05283 0.07792 0.49157 0.00608 0.15799
0.08441 0.06332 0.00035 0.00082 0.56313 0.28796
0.33016 0.05631 0.00058 0.00002 0.39823 0.21470

observation: 6
0.35094 0.55831 0.16414 0.07838 0.01528 0.09430
0.05197 0.14583 0.46090 0.02125 0.09425 0.07989
0.09724 0.12151 0.27947 0.14583 0.11193 0.36764
0.49834 0.17369 0.00898 0.00247 0.04941 0.36071
0.00150 0.00066 0.08651 0.75208 0.02013 0.09361
0.00000 0.00000 0.00000 0.00000 0.70900 0.00385

======= iteration 52 =======
initial: 6
0.14694 0.05298 0.12626 0.17096 0.00000 0.50286

transition: 6
0.28001 0.52740 0.15744 0.00146 0.01647 0.01722
0.15867 0.50971 0.28601 0.03322 0.00021 0.01218
0.44419 0.06726 0.02576 0.42610 0.00656 0.03013
0.21186 0.05215 0.07846 0.49285 0.00588 0.15881
0.08248 0.06393 0.00032 0.00073 0.56198 0.29056
0.33293 0.05556 0.00053 0.00002 0.39726 0.21370

observation: 6
0.35268 0.55969 0.16306 0.07904 0.01521 0.09404
0.04935 0.14481 0.46442 0.02139 0.09431 0.08023
0.09363 0.12291 0.27935 0.14665 0.11178 0.36754
0.50283 0.17195 0.00874 0.00220 0.04875 0.36025
0.00150 0.00065 0.08443 0.75071 0.01955 0.09468
0.00000 0.00000 0.00000 0.00000 0.71040 0.00325

======= iteration 53 =======
initial: 6
0.14156 0.05559 0.12617 0.17080 0.00000 0.50589

transition: 6
0.27337 0.52768 0.16403 0.00142 0.01630 0.01721
0.15762 0.50830 0.28700 0.03409 0.00020 0.01278
0.45226 0.06622 0.02445 0.42113 0.00649 0.02945
0.21015 0.05145 0.07891 0.49419 0.00570 0.15960
0.08043 0.06459 0.00030 0.00064 0.56089 0.29314
0.33569 0.05477 0.00049 0.00001 0.39618 0.21286

observation: 6
0.35457 0.56102 0.16205 0.07968 0.01514 0.09377
0.04678 0.14377 0.46787 0.02161 0.09438 0.08054
0.08998 0.12435 0.27918 0.14756 0.11164 0.36741
0.50718 0.17021 0.00854 0.00196 0.04814 0.35987
0.00149 0.00064 0.08237 0.74920 0.01897 0.09567
0.00000 0.00000 0.00000 0.00000 0.71172 0.00274

======= iteration 54 =======
initial: 6
0.13616 0.05832 0.12592 0.17073 0.00000 0.50887

transition: 6
0.26693 0.52780 0.17061 0.00137 0.01610 0.01719
0.15665 0.50687 0.28787 0.03502 0.00018 0.01342
0.45994 0.06520 0.02328 0.41641 0.00642 0.02875
0.20849 0.05074 0.07925 0.49560 0.00553 0.16039
0.07829 0.06532 0.00027 0.00057 0.55985 0.29570
0.33842 0.05393 0.00045 0.00001 0.39501 0.21218

observation: 6
0.35658 0.56231 0.16113 0.08027 0.01509 0.09351
0.04429 0.14273 0.47124 0.02190 0.09448 0.08079
0.08630 0.12583 0.27895 0.14854 0.11149 0.36722
0.51135 0.16848 0.00838 0.00174 0.04757 0.35960
0.00148 0.00064 0.08031 0.74755 0.01841 0.09657
0.00000 0.00000 0.00000 0.00000 0.71296 0.00231

======= iteration 55 =======
initial: 6
0.13077 0.06116 0.12551 0.17075 0.00000 0.51181

transition: 6
0.26074 0.52777 0.17711 0.00133 0.01589 0.01715
0.15575 0.50540 0.28859 0.03601 0.00017 0.01408
0.46722 0.06418 0.02224 0.41196 0.00636 0.02804
0.20689 0.05003 0.07948 0.49706 0.00537 0.16117
0.07606 0.06610 0.00025 0.00050 0.55886 0.29823
0.34112 0.05305 0.00041 0.00001 0.39376 0.21164

observation: 6
0.35873 0.56352 0.16031 0.08083 0.01505 0.09325
0.04188 0.14170 0.47452 0.02228 0.09459 0.08100
0.08262 0.12735 0.27867 0.14959 0.11134 0.36697
0.51530 0.16680 0.00825 0.00154 0.04703 0.35944
0.00147 0.00063 0.07825 0.74576 0.01785 0.09739
0.00000 0.00000 0.00000 0.00000 0.71414 0.00195

======= iteration 56 =======
initial: 6
0.12541 0.06411 0.12493 0.17084 0.00000 0.51470

transition: 6
0.25483 0.52763 0.18349 0.00129 0.01565 0.01710
0.15492 0.50393 0.28918 0.03704 0.00016 0.01478
0.47406 0.06320 0.02134 0.40780 0.00629 0.02732
0.20533 0.04931 0.07959 0.49857 0.00523 0.16196
0.07377 0.06694 0.00023 0.00043 0.55791 0.30073
