initial: 6
0.20000 0.10000 0.20000 0.20000 0.20000 0.10000

transition: 6
0.30000 0.30000 0.10000 0.10000 0.10000 0.10000
0.10000 0.30000 0.30000 0.10000 0.10000 0.10000
0.10000 0.10000 0.30000 0.30000 0.10000 0.10000
0.10000 0.10000 0.10000 0.30000 0.30000 0.10000
0.10000 0.10000 0.10000 0.10000 0.30000 0.30000
0.30000 0.10000 0.10000 0.10000 0.10000 0.30000

observation: 6
0.20000 0.20000 0.10000 0.10000 0.10000 0.10000
0.20000 0.20000 0.20000 0.20000 0.10000 0.10000
0.20000 0.20000 0.20000 0.20000 0.20000 0.20000
0.20000 0.20000 0.20000 0.20000 0.20000 0.20000
0.10000 0.10000 0.20000 0.20000 0.20000 0.20000
0.10000 0.10000 0.10000 0.10000 0.20000 0.20000

======= iteration 0 =======
initial: 6
0.27211 0.12786 0.17563 0.17176 0.16384 0.08879

transition: 6
0.33785 0.32066 0.08718 0.08628 0.08172 0.08632
0.11887 0.33843 0.27560 0.09085 0.08566 0.09059
0.12055 0.11466 0.28957 0.28702 0.09176 0.09644
0.12123 0.11533 0.09741 0.28978 0.27869 0.09755
0.11961 0.11382 0.09615 0.09563 0.28097 0.29382
0.34036 0.10796 0.09124 0.09081 0.08940 0.28023

observation: 6
0.42178 0.41988 0.24033 0.23256 0.23758 0.24249
0.14816 0.15374 0.17623 0.17208 0.08973 0.08981
0.14498 0.14408 0.17046 0.17131 0.18030 0.17763
0.18778 0.18626 0.21048 0.20902 0.21575 0.22504
0.06277 0.06419 0.16416 0.17220 0.17629 0.16504
0.03453 0.03184 0.03835 0.04283 0.10035 0.09999

======= iteration 1 =======
initial: 6
0.30866 0.14275 0.16411 0.15697 0.14668 0.08083

transition: 6
0.34355 0.32380 0.08589 0.08465 0.07887 0.08324
0.12192 0.34476 0.27363 0.08968 0.08259 0.08742
0.12003 0.11361 0.29069 0.28836 0.09178 0.09554
0.11970 0.11336 0.09768 0.29140 0.28078 0.09709
0.11608 0.10987 0.09484 0.09516 0.28819 0.29587
0.33411 0.10534 0.09056 0.09099 0.09295 0.28604

observation: 6
0.43307 0.42931 0.24170 0.22467 0.22270 0.23377
0.14580 0.15740 0.17928 0.17032 0.08806 0.08840
0.14353 0.14129 0.17120 0.17312 0.18322 0.17809
0.19202 0.18886 0.20852 0.20527 0.20926 0.22854
0.05521 0.05798 0.16716 0.18524 0.18449 0.16000
0.03038 0.02517 0.03214 0.04138 0.11227 0.11119

======= iteration 2 =======
initial: 6
0.34700 0.15764 0.15365 0.14254 0.12792 0.07126

transition: 6
0.35112 0.32830 0.08422 0.08222 0.07492 0.07923
0.12595 0.35351 0.27124 0.08783 0.07825 0.08322
0.12001 0.11292 0.29212 0.28989 0.09122 0.09384
0.11800 0.11112 0.09800 0.29378 0.28294 0.09616
0.11139 0.10459 0.09265 0.09440 0.29850 0.29848
0.32672 0.10204 0.08902 0.09083 0.09780 0.29360

observation: 6
0.44613 0.44039 0.24283 0.21503 0.20488 0.22323
0.14312 0.16107 0.18315 0.16865 0.08589 0.08674
0.14214 0.13804 0.17194 0.17525 0.18633 0.17897
0.19629 0.19124 0.20653 0.20114 0.20265 0.23291
0.04726 0.05116 0.17041 0.20122 0.19344 0.15359
0.02505 0.01810 0.02513 0.03872 0.12681 0.12456

======= iteration 3 =======
initial: 6
0.38568 0.17166 0.14436 0.12926 0.10851 0.06053

transition: 6
0.36105 0.33449 0.08210 0.07876 0.06952 0.07407
0.13122 0.36521 0.26835 0.08511 0.07235 0.07777
0.12078 0.11282 0.29410 0.29155 0.08969 0.09106
0.11631 0.10875 0.09845 0.29738 0.28460 0.09451
0.10552 0.09799 0.08938 0.09319 0.31252 0.30140
0.31825 0.09807 0.08638 0.08998 0.10419 0.30311

observation: 6
0.46048 0.45244 0.24352 0.20363 0.18440 0.21081
0.14006 0.16457 0.18783 0.16702 0.08327 0.08491
0.14074 0.13421 0.17267 0.17774 0.18986 0.18060
0.20064 0.19337 0.20432 0.19645 0.19596 0.23852
0.03922 0.04390 0.17371 0.22072 0.20306 0.14574
0.01886 0.01152 0.01795 0.03443 0.14346 0.13943

======= iteration 4 =======
initial: 6
0.42254 0.18354 0.13651 0.11825 0.08977 0.04940

transition: 6
0.37368 0.34241 0.07954 0.07419 0.06253 0.06764
0.13792 0.37998 0.26482 0.08143 0.06483 0.07101
0.12265 0.11346 0.29673 0.29336 0.08682 0.08698
0.11485 0.10639 0.09916 0.30294 0.28481 0.09185
0.09870 0.09034 0.08499 0.09138 0.33039 0.30420
0.30920 0.09367 0.08254 0.08802 0.11215 0.31442

observation: 6
0.47496 0.46431 0.24347 0.19054 0.16199 0.19661
0.13654 0.16770 0.19319 0.16522 0.08030 0.08308
0.13929 0.12981 0.17339 0.18048 0.19414 0.18333
0.20508 0.19530 0.20169 0.19086 0.18922 0.24577
0.03148 0.03651 0.17676 0.24437 0.21324 0.13653
0.01266 0.00636 0.01150 0.02853 0.16112 0.15468

======= iteration 5 =======
initial: 6
0.45514 0.19203 0.13041 0.11072 0.07301 0.03869

transition: 6
0.38880 0.35161 0.07656 0.06863 0.05423 0.06017
0.14602 0.39725 0.26052 0.07689 0.05608 0.06323
0.12577 0.11485 0.29989 0.29546 0.08241 0.08161
0.11378 0.10408 0.10019 0.31145 0.28249 0.08800
0.09139 0.08215 0.07961 0.08887 0.35152 0.30646
0.30047 0.08915 0.07757 0.08449 0.12128 0.32704

observation: 6
0.48794 0.47462 0.24236 0.17593 0.13882 0.18092
0.13256 0.17036 0.19907 0.16282 0.07715 0.08138
0.13785 0.12517 0.17419 0.18316 0.19937 0.18738
0.20969 0.19736 0.19844 0.18377 0.18240 0.25492
0.02448 0.02946 0.17939 0.27266 0.22354 0.12602
0.00747 0.00304 0.00655 0.02166 0.17871 0.16936

======= iteration 6 =======
initial: 6
0.48161 0.19638 0.12629 0.10767 0.05892 0.02912

transition: 6
0.40551 0.36125 0.07327 0.06245 0.04534 0.05218
0.15515 0.41583 0.25545 0.07178 0.04687 0.05493
0.13008 0.11683 0.30323 0.29815 0.07655 0.07516
0.11309 0.10176 0.10148 0.32412 0.27666 0.08289
0.08418 0.07402 0.07350 0.08559 0.37464 0.30807
0.29296 0.08487 0.07169 0.07910 0.13085 0.34053

observation: 6
0.49787 0.48215 0.24008 0.16021 0.11640 0.16429
0.12824 0.17262 0.20527 0.15924 0.07402 0.07989
0.13672 0.12078 0.17531 0.18522 0.20550 0.19259
0.21469 0.20000 0.19439 0.17452 0.17542 0.26583
0.01858 0.02318 0.18162 0.30587 0.23283 0.11417
0.00390 0.00127 0.00333 0.01493 0.19583 0.18323

======= iteration 7 =======
initial: 6
0.50139 0.19674 0.12403 0.10949 0.04731 0.02104

transition: 6
0.42245 0.37046 0.06990 0.05615 0.03674 0.04430
0.16463 0.43428 0.24986 0.06650 0.03801 0.04672
0.13528 0.11915 0.30630 0.30176 0.06951 0.06800
0.11267 0.09935 0.10284 0.34212 0.26638 0.07664
0.07764 0.06651 0.06696 0.08148 0.39796 0.30946
0.28723 0.08102 0.06515 0.07178 0.13994 0.35487

observation: 6
0.50381 0.48615 0.23679 0.14412 0.09624 0.14745
0.12382 0.17464 0.21161 0.15384 0.07117 0.07861
0.13634 0.11717 0.17704 0.18604 0.21223 0.19833
0.22027 0.20356 0.18930 0.16257 0.16840 0.27792
0.01393 0.01800 0.18373 0.34413 0.23899 0.10078
0.00184 0.00048 0.00154 0.00930 0.21297 0.19689

======= iteration 8 =======
initial: 6
0.51540 0.19399 0.12299 0.11572 0.03738 0.01452

transition: 6
0.43825 0.37874 0.06668 0.05015 0.02911 0.03707
0.17374 0.45137 0.24424 0.06143 0.03013 0.03909
0.14095 0.12156 0.30874 0.30655 0.06166 0.06054
0.11247 0.09686 0.10404 0.36644 0.25071 0.06949
0.07221 0.06005 0.06023 0.07635 0.41952 0.31165
0.28323 0.07767 0.05820 0.06265 0.14778 0.37046

observation: 6
0.50570 0.48655 0.23290 0.12849 0.07943 0.13118
0.11954 0.17655 0.21787 0.14610 0.06894 0.07754
0.13704 0.11465 0.17965 0.18515 0.21930 0.20364
0.22644 0.20811 0.18292 0.14787 0.16194 0.29040
0.01046 0.01396 0.18601 0.38716 0.23901 0.08582
0.00081 0.00017 0.00065 0.00523 0.23137 0.21142

======= iteration 9 =======
initial: 6
0.52555 0.18926 0.12229 0.12498 0.02843 0.00949

transition: 6
0.45203 0.38592 0.06381 0.04471 0.02275 0.03078
0.18190 0.46640 0.23906 0.05682 0.02349 0.03233
0.14672 0.12383 0.31026 0.31261 0.05341 0.05316
0.11264 0.09447 0.10483 0.39742 0.22884 0.06180
0.06808 0.05478 0.05346 0.06983 0.43781 0.31604
0.28032 0.07469 0.05101 0.05213 0.15397 0.38788

observation: 6
0.50425 0.48393 0.22893 0.11408 0.06629 0.11599
0.11553 0.17842 0.22390 0.13586 0.06770 0.07669
0.13893 0.11324 0.18335 0.18249 0.22670 0.20746
0.23297 0.21341 0.17516 0.13109 0.15710 0.30230
0.00797 0.01094 0.18840 0.43384 0.22951 0.06963
0.00034 0.00006 0.00026 0.00265 0.25270 0.22793

======= iteration 10 =======
initial: 6
0.53389 0.18357 0.12117 0.13519 0.02036 0.00582

transition: 6
0.46340 0.39211 0.06139 0.03991 0.01769 0.02550
0.18878 0.47912 0.23464 0.05276 0.01814 0.02656
0.15240 0.12590 0.31054 0.31971 0.04522 0.04623
0.11363 0.09249 0.10489 0.43371 0.20114 0.05413
0.06509 0.05055 0.04656 0.06134 0.45267 0.32378
0.27737 0.07181 0.04376 0.04096 0.15886 0.40725

observation: 6
0.50050 0.47922 0.22541 0.10150 0.05640 0.10204
0.11184 0.18024 0.22972 0.12364 0.06778 0.07616
0.14182 0.11267 0.18825 0.17866 0.23437 0.20895
0.23948 0.21912 0.16629 0.11368 0.15483 0.31246
0.00621 0.00872 0.19023 0.48130 0.20796 0.05330
0.00014 0.00002 0.00010 0.00121 0.27866 0.24710

======= iteration 11 =======
initial: 6
0.54189 0.17756 0.11936 0.14429 0.01356 0.00334

transition: 6
0.47233 0.39749 0.05946 0.03572 0.01383 0.02117
0.19428 0.48964 0.23108 0.04926 0.01399 0.02175
0.15798 0.12779 0.30926 0.32727 0.03765 0.04005
0.11613 0.09138 0.10386 0.47102 0.17043 0.04717
0.06265 0.04686 0.03940 0.05063 0.46594 0.33451
0.27332 0.06881 0.03672 0.03027 0.16351 0.42737

observation: 6
0.49550 0.47340 0.22276 0.09125 0.04891 0.08946
0.10842 0.18197 0.23558 0.11070 0.06923 0.07608
0.14534 0.11253 0.19430 0.17497 0.24141 0.20776
0.24570 0.22500 0.15692 0.09751 0.15523 0.31940
0.00498 0.00709 0.19040 0.52506 0.17533 0.03864
0.00006 0.00001 0.00004 0.00051 0.30988 0.26867

======= iteration 12 =======
initial: 6
0.55006 0.17149 0.11718 0.15106 0.00842 0.00180

transition: 6
0.47887 0.40224 0.05803 0.03213 0.01101 0.01771
0.19837 0.49808 0.22850 0.04631 0.01089 0.01785
0.16342 0.12950 0.30627 0.33475 0.03124 0.03482
0.12082 0.09154 0.10157 0.50307 0.14146 0.04155
0.06005 0.04323 0.03218 0.03870 0.48039 0.34545
0.26813 0.06572 0.03035 0.02125 0.16915 0.44541

observation: 6
0.49006 0.46726 0.22108 0.08348 0.04295 0.07856
0.10515 0.18349 0.24173 0.09852 0.07170 0.07652
0.14912 0.11242 0.20111 0.17269 0.24576 0.20436
0.25152 0.23092 0.14769 0.08404 0.15695 0.32182
0.00413 0.00590 0.18837 0.56106 0.13802 0.02737
0.00003 0.00000 0.00002 0.00020 0.34462 0.29137

======= iteration 13 =======
initial: 6
0.55812 0.16538 0.11518 0.15550 0.00492 0.00091

transition: 6
0.48317 0.40651 0.05715 0.02912 0.00904 0.01501
0.20104 0.50459 0.22703 0.04390 0.00867 0.01476
0.16839 0.13086 0.30167 0.34219 0.02627 0.03062
0.12788 0.09301 0.09818 0.52527 0.11811 0.03756
0.05705 0.03955 0.02557 0.02778 0.49726 0.35280
0.26314 0.06289 0.02507 0.01461 0.17611 0.45818

observation: 6
0.48469 0.46138 0.22019 0.07789 0.03800 0.06978
0.10192 0.18474 0.24831 0.08799 0.07453 0.07732
0.15287 0.11205 0.20797 0.17218 0.24567 0.19991
0.25695 0.23679 0.13886 0.07367 0.15785 0.31947
0.00356 0.00504 0.18467 0.58818 0.10477 0.01998
0.00001 0.00000 0.00001 0.00008 0.37917 0.31354

======= iteration 14 =======
initial: 6
0.56563 0.15916 0.11382 0.15822 0.00273 0.00044

transition: 6
0.48544 0.41039 0.05679 0.02660 0.00774 0.01304
0.20241 0.50938 0.22669 0.04196 0.00714 0.01242
0.17247 0.13163 0.29561 0.35015 0.02270 0.02744
0.13684 0.09542 0.09394 0.53724 0.10142 0.03514
0.05408 0.03613 0.02022 0.01960 0.51512 0.35485
0.26011 0.06070 0.02105 0.01022 0.18359 0.46433

observation: 6
0.47971 0.45618 0.21984 0.07385 0.03399 0.06321
0.09870 0.18573 0.25541 0.07924 0.07719 0.07806
0.15643 0.11127 0.21422 0.17289 0.24149 0.19562
0.26197 0.24240 0.13031 0.06588 0.15679 0.31346
0.00318 0.00442 0.18021 0.60810 0.08066 0.01586
0.00001 0.00000 0.00000 0.00004 0.40988 0.33379

======= iteration 15 =======
initial: 6
0.57244 0.15282 0.11327 0.15979 0.00146 0.00021

transition: 6
0.48604 0.41394 0.05688 0.02448 0.00695 0.01170
0.20271 0.51280 0.22726 0.04038 0.00612 0.01074
0.17540 0.13167 0.28822 0.35920 0.02030 0.02521
0.14688 0.09823 0.08913 0.54143 0.09031 0.03402
0.05168 0.03331 0.01630 0.01429 0.53164 0.35278
0.25989 0.05926 0.01813 0.00750 0.19037 0.46485

observation: 6
0.47532 0.45194 0.21995 0.07076 0.03096 0.05856
0.09552 0.18650 0.26310 0.07198 0.07952 0.07837
0.15976 0.11008 0.21958 0.17404 0.23523 0.19223
0.26646 0.24753 0.12180 0.05991 0.15424 0.30578
0.00294 0.00395 0.17557 0.62329 0.06555 0.01400
0.00000 0.00000 0.00000 0.00002 0.43450 0.35105

======= iteration 16 =======
initial: 6
0.57869 0.14642 0.11353 0.16052 0.00075 0.00010

transition: 6
0.48541 0.41719 0.05733 0.02262 0.00654 0.01090
0.20227 0.51524 0.22844 0.03899 0.00546 0.00959
0.17719 0.13102 0.27966 0.36957 0.01877 0.02379
0.15721 0.10100 0.08397 0.54081 0.08310 0.03389
0.05008 0.03116 0.01354 0.01107 0.54538 0.34878
0.26217 0.05844 0.01603 0.00584 0.19569 0.46182

observation: 6
0.47158 0.44877 0.22053 0.06820 0.02884 0.05532
0.09244 0.18710 0.27138 0.06586 0.08166 0.07807
0.16286 0.10853 0.22407 0.17510 0.22883 0.18997
0.27033 0.25202 0.11316 0.05512 0.15140 0.29829
0.00279 0.00357 0.17086 0.63571 0.05682 0.01365
0.00000 0.00000 0.00000 0.00001 0.45245 0.36469

======= iteration 17 =======
initial: 6
0.58458 0.13999 0.11448 0.16052 0.00038 0.00004

transition: 6
0.48393 0.42017 0.05803 0.02095 0.00641 0.01051
0.20140 0.51711 0.22996 0.03768 0.00505 0.00881
0.17805 0.12984 0.27009 0.38124 0.01783 0.02295
0.16734 0.10350 0.07872 0.53768 0.07833 0.03444
0.04917 0.02953 0.01156 0.00913 0.55618 0.34443
0.26610 0.05797 0.01446 0.00480 0.19951 0.45716

observation: 6
0.46845 0.44660 0.22158 0.06595 0.02744 0.05301
0.08951 0.18756 0.28013 0.06057 0.08376 0.07724
0.16577 0.10670 0.22789 0.17581 0.22331 0.18875
0.27359 0.25588 0.10441 0.05109 0.14910 0.29207
0.00268 0.00326 0.16598 0.64656 0.05187 0.01427
0.00000 0.00000 0.00000 0.00001 0.46453 0.37466

======= iteration 18 =======
initial: 6
0.59027 0.13361 0.11604 0.15988 0.00018 0.00002

transition: 6
0.48189 0.42288 0.05893 0.01941 0.00648 0.01041
0.20031 0.51868 0.23157 0.03637 0.00479 0.00828
0.17827 0.12832 0.25971 0.39399 0.01723 0.02249
0.17696 0.10565 0.07360 0.53345 0.07496 0.03539
0.04872 0.02826 0.01007 0.00791 0.56460 0.34044
0.27085 0.05766 0.01318 0.00411 0.20214 0.45205

observation: 6
0.46577 0.44521 0.22305 0.06389 0.02656 0.05128
0.08676 0.18787 0.28918 0.05595 0.08593 0.07602
0.16857 0.10470 0.23127 0.17611 0.21889 0.18833
0.27631 0.25923 0.09566 0.04761 0.14755 0.28741
0.00260 0.00298 0.16085 0.65644 0.04890 0.01558
0.00000 0.00000 0.00000 0.00000 0.47218 0.38137

======= iteration 19 =======
initial: 6
0.59582 0.12729 0.11807 0.15872 0.00009 0.00001

transition: 6
0.47951 0.42535 0.05997 0.01797 0.00669 0.01051
0.19916 0.52016 0.23314 0.03502 0.00462 0.00791
0.17810 0.12664 0.24869 0.40752 0.01683 0.02222
0.18592 0.10746 0.06877 0.52889 0.07239 0.03657
0.04855 0.02719 0.00886 0.00709 0.57131 0.33700
0.27586 0.05738 0.01208 0.00360 0.20397 0.44710

observation: 6
0.46342 0.44440 0.22488 0.06195 0.02604 0.04991
0.08421 0.18805 0.29829 0.05186 0.08819 0.07456
0.17129 0.10260 0.23435 0.17600 0.21542 0.18850
0.27854 0.26221 0.08705 0.04452 0.14659 0.28418
0.00254 0.00274 0.15543 0.66566 0.04689 0.01737
0.00000 0.00000 0.00000 0.00000 0.47689 0.38548

======= iteration 20 =======
initial: 6
0.60128 0.12105 0.12047 0.15716 0.00004 0.00000

transition: 6
0.47691 0.42756 0.06115 0.01663 0.00700 0.01075
0.19803 0.52165 0.23456 0.03362 0.00451 0.00763
0.17776 0.12496 0.23720 0.42154 0.01650 0.02205
0.19415 0.10898 0.06437 0.52441 0.07026 0.03784
0.04850 0.02624 0.00785 0.00650 0.57685 0.33405
0.28082 0.05709 0.01109 0.00321 0.20527 0.44251

observation: 6
0.46129 0.44398 0.22702 0.06014 0.02576 0.04875
0.08188 0.18811 0.30726 0.04825 0.09050 0.07298
0.17399 0.10047 0.23725 0.17553 0.21266 0.18906
0.28035 0.26493 0.07873 0.04176 0.14595 0.28208
0.00248 0.00252 0.14973 0.67432 0.04526 0.01954
0.00000 0.00000 0.00000 0.00000 0.47986 0.38758

======= iteration 21 =======
initial: 6
0.60666 0.11491 0.12308 0.15533 0.00002 0.00000

transition: 6
0.47417 0.42951 0.06246 0.01538 0.00740 0.01109
0.19697 0.52324 0.23577 0.03219 0.00442 0.00740
0.17739 0.12339 0.22542 0.43572 0.01618 0.02190
0.20158 0.11025 0.06047 0.52019 0.06837 0.03913
0.04849 0.02536 0.00697 0.00605 0.58160 0.33152
0.28562 0.05677 0.01017 0.00289 0.20623 0.43832

observation: 6
0.45934 0.44378 0.22942 0.05844 0.02565 0.04774
0.07977 0.18808 0.31590 0.04507 0.09283 0.07136
0.17669 0.09835 0.24000 0.17476 0.21042 0.18989
0.28176 0.26748 0.07083 0.03927 0.14542 0.28086
0.00244 0.00232 0.14386 0.68246 0.04377 0.02200
0.00000 0.00000 0.00000 0.00000 0.48191 0.38815

======= iteration 22 =======
initial: 6
0.61201 0.10886 0.12575 0.15338 0.00001 0.00000

transition: 6
0.47133 0.43120 0.06388 0.01423 0.00787 0.01150
0.19600 0.52494 0.23674 0.03077 0.00434 0.00720
0.17710 0.12201 0.21353 0.44978 0.01585 0.02174
0.20820 0.11132 0.05713 0.51632 0.06664 0.04040
0.04848 0.02453 0.00619 0.00568 0.58579 0.32932
0.29023 0.05643 0.00932 0.00262 0.20693 0.43448

observation: 6
0.45754 0.44371 0.23202 0.05688 0.02566 0.04682
0.07787 0.18799 0.32403 0.04229 0.09513 0.06975
0.17939 0.09626 0.24261 0.17375 0.20852 0.19087
0.28279 0.26990 0.06344 0.03703 0.14482 0.28034
0.00240 0.00214 0.13790 0.69005 0.04228 0.02469
0.00000 0.00000 0.00000 0.00000 0.48359 0.38753

======= iteration 23 =======
initial: 6
0.61737 0.10291 0.12832 0.15141 0.00000 0.00000

transition: 6
0.46841 0.43262 0.06541 0.01319 0.00840 0.01197
0.19511 0.52678 0.23746 0.02936 0.00427 0.00702
0.17696 0.12088 0.20169 0.46345 0.01548 0.02154
0.21397 0.11221 0.05434 0.51281 0.06501 0.04165
0.04845 0.02373 0.00550 0.00537 0.58957 0.32738
0.29465 0.05609 0.00852 0.00237 0.20745 0.43093

observation: 6
0.45590 0.44367 0.23479 0.05545 0.02573 0.04597
0.07617 0.18788 0.33154 0.03988 0.09737 0.06818
0.18211 0.09424 0.24504 0.17256 0.20686 0.19196
0.28346 0.27223 0.05666 0.03503 0.14406 0.28038
0.00237 0.00198 0.13197 0.69708 0.04077 0.02757
0.00000 0.00000 0.00000 0.00000 0.48521 0.38596

======= iteration 24 =======
initial: 6
0.62280 0.09705 0.13062 0.14952 0.00000 0.00000

transition: 6
0.46545 0.43377 0.06706 0.01225 0.00898 0.01249
0.19430 0.52873 0.23792 0.02800 0.00420 0.00685
0.17701 0.12003 0.19006 0.47652 0.01507 0.02131
0.21893 0.11297 0.05210 0.50968 0.06344 0.04288
0.04840 0.02296 0.00488 0.00508 0.59304 0.32564
0.29891 0.05576 0.00777 0.00215 0.20783 0.42758

observation: 6
0.45443 0.44360 0.23766 0.05417 0.02584 0.04516
0.07463 0.18778 0.33837 0.03780 0.09952 0.06666
0.18483 0.09229 0.24727 0.17126 0.20537 0.19309
0.28377 0.27448 0.05051 0.03325 0.14308 0.28092
0.00234 0.00185 0.12619 0.70352 0.03921 0.03057
0.00000 0.00000 0.00000 0.00000 0.48697 0.38360

======= iteration 25 =======
initial: 6
0.62838 0.09130 0.13254 0.14778 0.00000 0.00000

transition: 6
0.46246 0.43466 0.06881 0.01140 0.00962 0.01304
0.19355 0.53081 0.23812 0.02671 0.00413 0.00669
0.17728 0.11948 0.17876 0.48881 0.01462 0.02105
0.22311 0.11359 0.05038 0.50691 0.06191 0.04409
0.04833 0.02222 0.00433 0.00482 0.59625 0.32406
0.30304 0.05546 0.00708 0.00194 0.20810 0.42438

observation: 6
0.45315 0.44348 0.24059 0.05302 0.02598 0.04438
0.07323 0.18771 0.34447 0.03603 0.10155 0.06523
0.18755 0.09042 0.24927 0.16991 0.20398 0.19426
0.28374 0.27665 0.04502 0.03167 0.14188 0.28192
0.00232 0.00173 0.12064 0.70936 0.03763 0.03366
0.00000 0.00000 0.00000 0.00000 0.48898 0.38054

======= iteration 26 =======
initial: 6
0.63414 0.08566 0.13395 0.14625 0.00000 0.00000

transition: 6
0.45946 0.43530 0.07067 0.01065 0.01030 0.01363
0.19286 0.53298 0.23809 0.02550 0.00404 0.00652
0.17775 0.11922 0.16791 0.50023 0.01413 0.02076
0.22655 0.11411 0.04914 0.50447 0.06041 0.04532
0.04825 0.02151 0.00384 0.00456 0.59925 0.32259
0.30705 0.05519 0.00644 0.00174 0.20830 0.42127

observation: 6
0.45208 0.44327 0.24352 0.05201 0.02612 0.04363
0.07194 0.18769 0.34988 0.03452 0.10346 0.06387
0.19026 0.08864 0.25102 0.16855 0.20266 0.19543
0.28340 0.27875 0.04018 0.03029 0.14043 0.28340
0.00231 0.00163 0.11539 0.71463 0.03605 0.03680
0.00000 0.00000 0.00000 0.00000 0.49129 0.37687

======= iteration 27 =======
initial: 6
0.64013 0.08012 0.13480 0.14495 0.00000 0.00000

transition: 6
0.45644 0.43569 0.07262 0.00998 0.01103 0.01423
0.19221 0.53525 0.23785 0.02439 0.00395 0.00635
0.17841 0.11924 0.15757 0.51071 0.01361 0.02046
0.22933 0.11454 0.04833 0.50231 0.05891 0.04658
0.04817 0.02084 0.00341 0.00431 0.60208 0.32120
0.31096 0.05497 0.00584 0.00156 0.20847 0.41820

observation: 6
0.45125 0.44297 0.24642 0.05112 0.02626 0.04290
0.07074 0.18773 0.35464 0.03323 0.10522 0.06260
0.19294 0.08696 0.25250 0.16721 0.20138 0.19660
0.28277 0.28078 0.03595 0.02909 0.13875 0.28535
0.00231 0.00155 0.11049 0.71934 0.03448 0.03995
0.00000 0.00000 0.00000 0.00000 0.49392 0.37260

======= iteration 28 =======
initial: 6
0.64635 0.07471 0.13506 0.14388 0.00000 0.00000

transition: 6
0.45344 0.43584 0.07468 0.00940 0.01179 0.01486
0.19160 0.53759 0.23740 0.02338 0.00385 0.00619
0.17923 0.11953 0.14778 0.52024 0.01307 0.02014
0.23150 0.11488 0.04790 0.50040 0.05741 0.04791
0.04810 0.02020 0.00302 0.00407 0.60476 0.31984
0.31478 0.05478 0.00530 0.00139 0.20863 0.41512

observation: 6
0.45066 0.44257 0.24922 0.05033 0.02638 0.04219
0.06959 0.18783 0.35882 0.03214 0.10684 0.06142
0.19558 0.08538 0.25372 0.16593 0.20012 0.19776
0.28187 0.28274 0.03229 0.02806 0.13684 0.28780
0.00231 0.00148 0.10595 0.72354 0.03293 0.04307
0.00000 0.00000 0.00000 0.00000 0.49688 0.36775

======= iteration 29 =======
initial: 6
0.65280 0.06941 0.13475 0.14304 0.00000 0.00000

transition: 6
0.45044 0.43576 0.07684 0.00888 0.01258 0.01550
0.19101 0.53998 0.23678 0.02246 0.00375 0.00602
0.18018 0.12006 0.13857 0.52885 0.01251 0.01983
0.23314 0.11515 0.04781 0.49869 0.05589 0.04932
0.04807 0.01961 0.00268 0.00383 0.60732 0.31849
0.31849 0.05465 0.00480 0.00123 0.20883 0.41201

observation: 6
0.45033 0.44208 0.25190 0.04963 0.02649 0.04150
0.06847 0.18798 0.36249 0.03120 0.10832 0.06034
0.19817 0.08388 0.25468 0.16471 0.19887 0.19891
0.28072 0.28463 0.02915 0.02718 0.13469 0.29077
0.00231 0.00143 0.10178 0.72727 0.03144 0.04615
0.00000 0.00000 0.00000 0.00000 0.50019 0.36233

======= iteration 30 =======
initial: 6
0.65944 0.06424 0.13392 0.14240 0.00000 0.00000

transition: 6
0.44747 0.43548 0.07909 0.00842 0.01339 0.01615
0.19043 0.54243 0.23600 0.02165 0.00364 0.00585
0.18122 0.12080 0.12994 0.53657 0.01194 0.01953
0.23431 0.11535 0.04800 0.49713 0.05434 0.05087
0.04809 0.01906 0.00238 0.00359 0.60977 0.31711
0.32210 0.05455 0.00434 0.00108 0.20911 0.40882

observation: 6
0.45026 0.44149 0.25442 0.04900 0.02658 0.04084
0.06737 0.18819 0.36574 0.03038 0.10966 0.05936
0.20069 0.08248 0.25542 0.16358 0.19761 0.20005
0.27935 0.28645 0.02645 0.02644 0.13232 0.29430
0.00233 0.00138 0.09797 0.73060 0.03001 0.04914
0.00000 0.00000 0.00000 0.00000 0.50382 0.35632

======= iteration 31 =======
initial: 6
0.66623 0.05921 0.13262 0.14193 0.00000 0.00000

transition: 6
0.44453 0.43500 0.08143 0.00802 0.01422 0.01680
0.18987 0.54492 0.23509 0.02092 0.00352 0.00568
0.18231 0.12173 0.12186 0.54347 0.01138 0.01924
0.23506 0.11550 0.04843 0.49569 0.05274 0.05258
0.04817 0.01856 0.00212 0.00336 0.61212 0.31567
0.32557 0.05450 0.00392 0.00094 0.20952 0.40554

observation: 6
0.45046 0.44081 0.25676 0.04842 0.02666 0.04020
0.06627 0.18846 0.36864 0.02966 0.11088 0.05847
0.20314 0.08117 0.25596 0.16252 0.19633 0.20119
0.27778 0.28821 0.02414 0.02581 0.12971 0.29841
0.00234 0.00135 0.09450 0.73358 0.02865 0.05203
0.00000 0.00000 0.00000 0.00000 0.50778 0.34971

======= iteration 32 =======
initial: 6
0.67312 0.05433 0.13094 0.14161 0.00000 0.00000

transition: 6
0.44163 0.43433 0.08387 0.00766 0.01505 0.01746
0.18932 0.54743 0.23406 0.02028 0.00339 0.00552
0.18344 0.12283 0.11431 0.54963 0.01081 0.01899
0.23543 0.11561 0.04906 0.49432 0.05108 0.05450
0.04834 0.01810 0.00189 0.00313 0.61438 0.31416
0.32891 0.05449 0.00354 0.00081 0.21010 0.40215

observation: 6
0.45093 0.44006 0.25892 0.04789 0.02672 0.03959
0.06516 0.18876 0.37125 0.02902 0.11196 0.05769
0.20552 0.07993 0.25632 0.16154 0.19502 0.20234
0.27603 0.28992 0.02218 0.02529 0.12686 0.30313
0.00237 0.00132 0.09134 0.73627 0.02736 0.05480
0.00000 0.00000 0.00000 0.00000 0.51208 0.34246

======= iteration 33 =======
initial: 6
0.68004 0.04962 0.12895 0.14139 0.00000 0.00000

transition: 6
0.43877 0.43348 0.08640 0.00735 0.01588 0.01812
0.18878 0.54996 0.23292 0.01972 0.00326 0.00535
0.18455 0.12406 0.10727 0.55510 0.01026 0.01876
0.23546 0.11567 0.04985 0.49301 0.04936 0.05665
0.04862 0.01770 0.00168 0.00290 0.61655 0.31255
0.33207 0.05452 0.00320 0.00070 0.21089 0.39863

observation: 6
0.45166 0.43925 0.26088 0.04739 0.02677 0.03900
0.06404 0.18910 0.37363 0.02843 0.11293 0.05702
0.20780 0.07878 0.25653 0.16063 0.19367 0.20351
0.27410 0.29157 0.02049 0.02485 0.12378 0.30850
0.00240 0.00130 0.08846 0.73871 0.02616 0.05743
0.00000 0.00000 0.00000 0.00000 0.51669 0.33454

======= iteration 34 =======
initial: 6
0.68693 0.04509 0.12673 0.14126 0.00000 0.00000

transition: 6
0.43595 0.43248 0.08901 0.00707 0.01670 0.01878
0.18824 0.55250 0.23170 0.01923 0.00313 0.00520
0.18564 0.12541 0.10069 0.55997 0.00971 0.01858
0.23516 0.11570 0.05077 0.49173 0.04755 0.05909
0.04902 0.01736 0.00150 0.00269 0.61861 0.31082
0.33503 0.05458 0.00288 0.00060 0.21195 0.39496

observation: 6
0.45267 0.43836 0.26265 0.04691 0.02681 0.03844
0.06290 0.18948 0.37582 0.02788 0.11377 0.05646
0.20999 0.07769 0.25663 0.15978 0.19228 0.20472
0.27201 0.29317 0.01906 0.02447 0.12044 0.31454
0.00243 0.00129 0.08583 0.74097 0.02506 0.05991
0.00000 0.00000 0.00000 0.00000 0.52164 0.32593

======= iteration 35 =======
initial: 6
0.69371 0.04074 0.12435 0.14119 0.00000 0.00000

transition: 6
0.43319 0.43133 0.09171 0.00682 0.01750 0.01945
0.18772 0.55505 0.23040 0.01880 0.00300 0.00504
0.18667 0.12687 0.09456 0.56428 0.00919 0.01844
0.23455 0.11571 0.05179 0.49045 0.04566 0.06185
0.04958 0.01707 0.00134 0.00249 0.62056 0.30896
0.33775 0.05468 0.00259 0.00051 0.21334 0.39112

observation: 6
0.45395 0.43742 0.26424 0.04644 0.02685 0.03792
0.06175 0.18988 0.37786 0.02735 0.11451 0.05600
0.21208 0.07668 0.25665 0.15898 0.19083 0.20598
0.26976 0.29474 0.01783 0.02415 0.11686 0.32127
0.00246 0.00128 0.08343 0.74308 0.02404 0.06223
0.00000 0.00000 0.00000 0.00000 0.52690 0.31659

======= iteration 36 =======
initial: 6
0.70034 0.03661 0.12189 0.14116 0.00000 0.00000

transition: 6
0.43049 0.43004 0.09450 0.00660 0.01826 0.02011
0.18720 0.55758 0.22904 0.01843 0.00286 0.00490
0.18763 0.12841 0.08882 0.56811 0.00868 0.01835
0.23361 0.11569 0.05289 0.48917 0.04366 0.06498
0.05032 0.01684 0.00120 0.00230 0.62236 0.30698
0.34022 0.05482 0.00233 0.00043 0.21509 0.38711

observation: 6
0.45550 0.43642 0.26566 0.04598 0.02690 0.03743
0.06059 0.19031 0.37977 0.02685 0.11513 0.05567
0.21408 0.07573 0.25659 0.15824 0.18933 0.20730
0.26734 0.29626 0.01677 0.02386 0.11303 0.32870
0.00250 0.00128 0.08121 0.74507 0.02312 0.06438
0.00000 0.00000 0.00000 0.00000 0.53249 0.30651

======= iteration 37 =======
initial: 6
0.70676 0.03270 0.11939 0.14116 0.00000 0.00000

transition: 6
0.42784 0.42863 0.09737 0.00640 0.01898 0.02078
0.18669 0.56011 0.22762 0.01810 0.00272 0.00476
0.18849 0.13002 0.08347 0.57149 0.00819 0.01833
0.23234 0.11566 0.05404 0.48787 0.04157 0.06852
0.05128 0.01668 0.00108 0.00212 0.62400 0.30485
0.34239 0.05498 0.00210 0.00036 0.21728 0.38290

observation: 6
0.45733 0.43537 0.26692 0.04554 0.02696 0.03698
0.05942 0.19075 0.38157 0.02636 0.11563 0.05546
0.21596 0.07483 0.25649 0.15753 0.18776 0.20871
0.26476 0.29777 0.01586 0.02359 0.10897 0.33683
0.00253 0.00128 0.07916 0.74699 0.02229 0.06636
0.00000 0.00000 0.00000 0.00000 0.53839 0.29566

======= iteration 38 =======
initial: 6
0.71291 0.02902 0.11689 0.14118 0.00000 0.00000

transition: 6
0.42527 0.42710 0.10031 0.00623 0.01964 0.02145
0.18619 0.56261 0.22616 0.01783 0.00259 0.00462
0.18925 0.13170 0.07846 0.57449 0.00773 0.01837
0.23073 0.11560 0.05522 0.48655 0.03938 0.07251
0.05248 0.01658 0.00097 0.00195 0.62544 0.30258
0.34424 0.05517 0.00189 0.00030 0.21994 0.37846

observation: 6
0.45944 0.43426 0.26803 0.04510 0.02704 0.03656
0.05825 0.19121 0.38328 0.02588 0.11602 0.05538
0.21774 0.07399 0.25636 0.15685 0.18611 0.21022
0.26200 0.29925 0.01507 0.02333 0.10467 0.34563
0.00257 0.00129 0.07726 0.74884 0.02155 0.06817
0.00000 0.00000 0.00000 0.00000 0.54461 0.28404

======= iteration 39 =======
initial: 6
0.71877 0.02558 0.11444 0.14121 0.00000 0.00000

transition: 6
0.42277 0.42546 0.10334 0.00607 0.02023 0.02213
0.18570 0.56508 0.22467 0.01759 0.00246 0.00450
0.18988 0.13343 0.07378 0.57713 0.00729 0.01849
0.22875 0.11554 0.05643 0.48521 0.03709 0.07698
0.05396 0.01655 0.00088 0.00180 0.62665 0.30017
0.34576 0.05539 0.00170 0.00025 0.22313 0.37378

observation: 6
0.46184 0.43309 0.26902 0.04467 0.02713 0.03618
0.05708 0.19169 0.38490 0.02541 0.11629 0.05543
0.21942 0.07320 0.25621 0.15620 0.18438 0.21185
0.25906 0.30073 0.01440 0.02305 0.10018 0.35508
0.00261 0.00130 0.07548 0.75067 0.02091 0.06979
0.00000 0.00000 0.00000 0.00000 0.55111 0.27166

======= iteration 40 =======
initial: 6
0.72430 0.02239 0.11206 0.14125 0.00000 0.00000

transition: 6
0.42034 0.42372 0.10644 0.00593 0.02074 0.02283
0.18523 0.56751 0.22315 0.01740 0.00233 0.00438
0.19039 0.13521 0.06939 0.57945 0.00688 0.01868
0.22638 0.11546 0.05765 0.48383 0.03472 0.08197
0.05576 0.01658 0.00079 0.00166 0.62759 0.29761
0.34693 0.05564 0.00153 0.00021 0.22688 0.36881

observation: 6
0.46453 0.43186 0.26989 0.04426 0.02725 0.03584
0.05592 0.19217 0.38644 0.02494 0.11642 0.05563
0.22098 0.07245 0.25605 0.15557 0.18257 0.21361
0.25593 0.30221 0.01381 0.02274 0.09552 0.36512
0.00265 0.00131 0.07381 0.75248 0.02036 0.07124
0.00000 0.00000 0.00000 0.00000 0.55789 0.25857

======= iteration 41 =======
initial: 6
0.72948 0.01946 0.10976 0.14129 0.00000 0.00000

transition: 6
0.41799 0.42190 0.10961 0.00580 0.02116 0.02354
0.18478 0.56989 0.22161 0.01724 0.00220 0.00428
0.19076 0.13703 0.06528 0.58149 0.00649 0.01896
0.22360 0.11537 0.05887 0.48241 0.03228 0.08747
0.05791 0.01669 0.00072 0.00154 0.62824 0.29492
0.34776 0.05593 0.00138 0.00017 0.23123 0.36354

observation: 6
0.46754 0.43056 0.27066 0.04387 0.02739 0.03554
0.05476 0.19266 0.38792 0.02448 0.11642 0.05599
0.22243 0.07175 0.25590 0.15495 0.18067 0.21551
0.25259 0.30371 0.01330 0.02240 0.09074 0.37566
0.00269 0.00132 0.07223 0.75429 0.01990 0.07251
0.00000 0.00000 0.00000 0.00000 0.56489 0.24480

======= iteration 42 =======
initial: 6
0.73431 0.01679 0.10756 0.14134 0.00000 0.00000

transition: 6
0.41573 0.41999 0.11285 0.00569 0.02148 0.02428
0.18435 0.57222 0.22006 0.01711 0.00208 0.00418
0.19097 0.13889 0.06143 0.58326 0.00613 0.01932
0.22040 0.11527 0.06008 0.48097 0.02980 0.09348
0.06043 0.01685 0.00066 0.00142 0.62856 0.29208
0.34826 0.05626 0.00124 0.00014 0.23617 0.35792

observation: 6
0.47085 0.42918 0.27133 0.04351 0.02755 0.03528
0.05362 0.19316 0.38932 0.02402 0.11627 0.05651
0.22376 0.07108 0.25576 0.15434 0.17869 0.21755
0.24904 0.30524 0.01286 0.02200 0.08590 0.38659
0.00272 0.00133 0.07073 0.75612 0.01952 0.07361
0.00000 0.00000 0.00000 0.00000 0.57207 0.23046

======= iteration 43 =======
initial: 6
0.73877 0.01436 0.10546 0.14140 0.00000 0.00000

transition: 6
0.41355 0.41799 0.11614 0.00559 0.02169 0.02504
0.18395 0.57448 0.21850 0.01701 0.00197 0.00409
0.19104 0.14078 0.05781 0.58478 0.00579 0.01978
0.21679 0.11516 0.06126 0.47949 0.02731 0.09999
0.06337 0.01707 0.00060 0.00132 0.62853 0.28911
0.34844 0.05665 0.00112 0.00012 0.24171 0.35195

observation: 6
0.47448 0.42772 0.27192 0.04318 0.02773 0.03506
0.05250 0.19366 0.39066 0.02357 0.11597 0.05721
0.22499 0.07045 0.25563 0.15373 0.17664 0.21975
0.24527 0.30682 0.01249 0.02155 0.08106 0.39779
0.00276 0.00135 0.06930 0.75797 0.01924 0.07454
0.00000 0.00000 0.00000 0.00000 0.57936 0.21565

======= iteration 44 =======
initial: 6
0.74288 0.01219 0.10347 0.14147 0.00000 0.00000

transition: 6
0.41145 0.41592 0.11949 0.00550 0.02178 0.02585
0.18357 0.57668 0.21694 0.01694 0.00186 0.00401
0.19095 0.14272 0.05442 0.58607 0.00549 0.02035
0.21276 0.11505 0.06243 0.47800 0.02484 0.10693
0.06671 0.01734 0.00055 0.00124 0.62815 0.28601
0.34836 0.05711 0.00101 0.00010 0.24780 0.34562

observation: 6
0.47843 0.42616 0.27244 0.04289 0.02793 0.03488
0.05139 0.19416 0.39193 0.02312 0.11552 0.05809
0.22610 0.06985 0.25553 0.15312 0.17453 0.22208
0.24129 0.30846 0.01217 0.02103 0.07629 0.40911
0.00279 0.00137 0.06794 0.75984 0.01904 0.07533
0.00000 0.00000 0.00000 0.00000 0.58669 0.20050

======= iteration 45 =======
initial: 6
0.74663 0.01025 0.10158 0.14154 0.00000 0.00000

transition: 6
0.40945 0.41378 0.12289 0.00542 0.02176 0.02670
0.18322 0.57881 0.21538 0.01690 0.00175 0.00394
0.19071 0.14470 0.05124 0.58714 0.00520 0.02101
0.20835 0.11495 0.06355 0.47649 0.02243 0.11423
0.07046 0.01763 0.00050 0.00116 0.62742 0.28282
0.34804 0.05765 0.00092 0.00008 0.25438 0.33893

observation: 6
0.48268 0.42449 0.27288 0.04264 0.02814 0.03475
0.05031 0.19466 0.39314 0.02267 0.11493 0.05914
0.22710 0.06928 0.25545 0.15250 0.17239 0.22453
0.23709 0.31017 0.01189 0.02044 0.07166 0.42040
0.00283 0.00139 0.06663 0.76175 0.01893 0.07597
0.00000 0.00000 0.00000 0.00000 0.59396 0.18520

======= iteration 46 =======
initial: 6
0.75005 0.00855 0.09979 0.14161 0.00000 0.00000

transition: 6
0.40753 0.41156 0.12632 0.00535 0.02164 0.02761
0.18290 0.58086 0.21382 0.01689 0.00165 0.00388
0.19031 0.14673 0.04825 0.58798 0.00495 0.02178
0.20361 0.11485 0.06465 0.47498 0.02012 0.12180
0.07458 0.01793 0.00046 0.00109 0.62636 0.27957
0.34754 0.05829 0.00084 0.00006 0.26135 0.33191

observation: 6
0.48721 0.42271 0.27325 0.04245 0.02834 0.03467
0.04923 0.19516 0.39429 0.02221 0.11420 0.06037
0.22800 0.06874 0.25541 0.15187 0.17026 0.22706
0.23269 0.31198 0.01167 0.01978 0.06722 0.43150
0.00286 0.00141 0.06538 0.76369 0.01890 0.07649
0.00000 0.00000 0.00000 0.00000 0.60107 0.16992

======= iteration 47 =======
initial: 6
0.75315 0.00706 0.09809 0.14169 0.00000 0.00000

transition: 6
0.40570 0.40926 0.12977 0.00529 0.02140 0.02858
0.18262 0.58282 0.21228 0.01690 0.00156 0.00382
0.18976 0.14881 0.04545 0.58861 0.00472 0.02265
0.19858 0.11478 0.06570 0.47348 0.01793 0.12953
0.07902 0.01821 0.00042 0.00104 0.62500 0.27631
0.34691 0.05906 0.00077 0.00005 0.26859 0.32462

observation: 6
0.49202 0.42081 0.27354 0.04231 0.02854 0.03463
0.04818 0.19564 0.39538 0.02174 0.11337 0.06175
0.22881 0.06823 0.25541 0.15122 0.16816 0.22962
0.22810 0.31389 0.01148 0.01907 0.06303 0.44226
0.00289 0.00144 0.06418 0.76566 0.01896 0.07689
0.00000 0.00000 0.00000 0.00000 0.60794 0.15486

======= iteration 48 =======
initial: 6
0.75595 0.00578 0.09649 0.14178 0.00000 0.00000

transition: 6
0.40395 0.40689 0.13323 0.00524 0.02107 0.02962
0.18238 0.58470 0.21075 0.01694 0.00147 0.00376
0.18907 0.15097 0.04282 0.58901 0.00451 0.02363
0.19334 0.11475 0.06670 0.47202 0.01590 0.13729
0.08368 0.01845 0.00039 0.00099 0.62340 0.27310
0.34621 0.05996 0.00070 0.00004 0.27595 0.31713

observation: 6
0.49706 0.41878 0.27376 0.04222 0.02872 0.03463
0.04714 0.19611 0.39642 0.02127 0.11246 0.06325
0.22953 0.06774 0.25545 0.15056 0.16614 0.23216
0.22335 0.31590 0.01134 0.01830 0.05912 0.45254
0.00292 0.00146 0.06303 0.76765 0.01909 0.07718
0.00000 0.00000 0.00000 0.00000 0.61447 0.14024

======= iteration 49 =======
initial: 6
0.75849 0.00469 0.09498 0.14185 0.00000 0.00000

transition: 6
0.40229 0.40444 0.13667 0.00519 0.02066 0.03074
0.18218 0.58649 0.20924 0.01700 0.00139 0.00371
0.18823 0.15320 0.04035 0.58918 0.00433 0.02472
0.18797 0.11476 0.06766 0.47061 0.01404 0.14496
0.08845 0.01863 0.00036 0.00094 0.62160 0.27001
0.34548 0.06103 0.00065 0.00004 0.28327 0.30953

observation: 6
0.50230 0.41663 0.27390 0.04219 0.02886 0.03468
0.04612 0.19657 0.39742 0.02078 0.11149 0.06483
0.23017 0.06728 0.25553 0.14990 0.16422 0.23461
0.21845 0.31803 0.01122 0.01748 0.05552 0.46224
0.00296 0.00149 0.06193 0.76965 0.01931 0.07739
0.00000 0.00000 0.00000 0.00000 0.62060 0.12624

======= iteration 50 =======
initial: 6
0.76077 0.00376 0.09355 0.14192 0.00000 0.00000

transition: 6
0.40070 0.40193 0.14010 0.00515 0.02017 0.03195
0.18201 0.58819 0.20775 0.01708 0.00131 0.00366
0.18726 0.15552 0.03804 0.58912 0.00416 0.02590
0.18254 0.11484 0.06858 0.46926 0.01237 0.15242
0.09322 0.01873 0.00033 0.00091 0.61969 0.26712
0.34478 0.06229 0.00060 0.00003 0.29037 0.30193

observation: 6
0.50770 0.41437 0.27395 0.04222 0.02898 0.03478
0.04511 0.19700 0.39838 0.02027 0.11052 0.06646
0.23075 0.06684 0.25565 0.14923 0.16244 0.23694
0.21345 0.32027 0.01114 0.01664 0.05222 0.47125
0.00299 0.00152 0.06088 0.77164 0.01960 0.07752
0.00000 0.00000 0.00000 0.00000 0.62624 0.11305

======= iteration 51 =======
initial: 6
0.76283 0.00299 0.09220 0.14197 0.00000 0.00000

transition: 6
0.39919 0.39934 0.14348 0.00511 0.01963 0.03324
0.18190 0.58979 0.20630 0.01717 0.00123 0.00361
0.18616 0.15795 0.03587 0.58884 0.00402 0.02717
0.17712 0.11500 0.06945 0.46800 0.01089 0.15955
0.09785 0.01874 0.00030 0.00087 0.61773 0.26450
0.34413 0.06375 0.00056 0.00003 0.29710 0.29443

observation: 6
0.51322 0.41200 0.27391 0.04230 0.02906 0.03493
0.04412 0.19741 0.39932 0.01976 0.10957 0.06808
0.23128 0.06642 0.25581 0.14857 0.16083 0.23907
0.20836 0.32261 0.01109 0.01578 0.04922 0.47953
0.00302 0.00155 0.05987 0.77360 0.01995 0.07759
0.00000 0.00000 0.00000 0.00000 0.63137 0.10079

======= iteration 52 =======
initial: 6
0.76470 0.00236 0.09094 0.14201 0.00000 0.00000

transition: 6
0.39775 0.39670 0.14681 0.00508 0.01905 0.03462
0.18182 0.59128 0.20488 0.01729 0.00116 0.00356
0.18494 0.16048 0.03383 0.58832 0.00390 0.02853
0.17177 0.11525 0.07027 0.46683 0.00960 0.16628
0.10223 0.01864 0.00027 0.00084 0.61580 0.26222
0.34356 0.06544 0.00052 0.00002 0.30330 0.28716

observation: 6
0.51883 0.40954 0.27379 0.04243 0.02910 0.03514
0.04314 0.19780 0.40024 0.01923 0.10867 0.06965
0.23176 0.06603 0.25600 0.14792 0.15938 0.24099
0.20321 0.32505 0.01106 0.01491 0.04652 0.48703
0.00306 0.00158 0.05892 0.77551 0.02036 0.07762
0.00000 0.00000 0.00000 0.00000 0.63597 0.08958

======= iteration 53 =======
initial: 6
0.76639 0.00184 0.08975 0.14202 0.00000 0.00000

transition: 6
0.39637 0.39399 0.15008 0.00504 0.01843 0.03608
0.18179 0.59267 0.20351 0.01742 0.00110 0.00350
0.18360 0.16314 0.03193 0.58758 0.00379 0.02996
0.16655 0.11559 0.07106 0.46577 0.00849 0.17253
0.10624 0.01845 0.00025 0.00081 0.61396 0.26029
0.34306 0.06736 0.00049 0.00002 0.30888 0.28020

observation: 6
0.52448 0.40702 0.27357 0.04259 0.02911 0.03541
0.04219 0.19815 0.40116 0.01869 0.10784 0.07111
0.23221 0.06565 0.25622 0.14730 0.15811 0.24267
0.19802 0.32756 0.01105 0.01405 0.04409 0.49375
0.00310 0.00162 0.05800 0.77737 0.02082 0.07761
0.00000 0.00000 0.00000 0.00000 0.64003 0.07945

======= iteration 54 =======
initial: 6
0.76792 0.00143 0.08865 0.14201 0.00000 0.00000

transition: 6
0.39505 0.39123 0.15327 0.00501 0.01781 0.03763
0.18181 0.59394 0.20220 0.01757 0.00103 0.00344
0.18215 0.16592 0.03014 0.58663 0.00370 0.03145
0.16150 0.11603 0.07180 0.46483 0.00756 0.17828
0.10983 0.01816 0.00022 0.00079 0.61224 0.25876
0.34263 0.06953 0.00046 0.00001 0.31374 0.27363

observation: 6
0.53015 0.40445 0.27326 0.04279 0.02910 0.03574
0.04126 0.19847 0.40209 0.01815 0.10710 0.07244
0.23264 0.06528 0.25647 0.14672 0.15701 0.24410
0.19283 0.33014 0.01105 0.01320 0.04192 0.49971
0.00313 0.00165 0.05713 0.77914 0.02131 0.07759
0.00000 0.00000 0.00000 0.00000 0.64357 0.07042

======= iteration 55 =======
initial: 6
0.76931 0.00109 0.08763 0.14197 0.00000 0.00000

transition: 6
0.39378 0.38843 0.15639 0.00498 0.01717 0.03925
0.18187 0.59509 0.20096 0.01772 0.00097 0.00338
0.18059 0.16883 0.02847 0.58548 0.00362 0.03300
0.15663 0.11658 0.07250 0.46401 0.00677 0.18351
0.11294 0.01780 0.00020 0.00076 0.61069 0.25761
0.34221 0.07195 0.00043 0.00001 0.31787 0.26753

observation: 6
0.53580 0.40187 0.27287 0.04301 0.02905 0.03613
0.04035 0.19875 0.40303 0.01761 0.10645 0.07361
0.23304 0.06493 0.25673 0.14618 0.15608 0.24530
0.18763 0.33276 0.01107 0.01237 0.03997 0.50495
0.00317 0.00169 0.05631 0.78083 0.02182 0.07757
0.00000 0.00000 0.00000 0.00000 0.64663 0.06245

======= iteration 56 =======
initial: 6
0.77058 0.00083 0.08669 0.14190 0.00000 0.00000

transition: 6
0.39256 0.38560 0.15942 0.00494 0.01655 0.04093
0.18198 0.59611 0.19979 0.01789 0.00092 0.00331
0.17892 0.17188 0.02690 0.58414 0.00356 0.03460
0.15196 0.11722 0.07317 0.46331 0.00611 0.18822
0.11555 0.01737 0.00018 0.00073 0.60931 0.25684
